# Fix print output for fix defprint
1.41354187543054e-15 0.137639906761611 0.136628870608106 -0.268451309895477 140.747132766923 1918808.44981753
-0.000999999999998656 -0.131254244800656 -0.13070790252156 -0.567209599113552 140.606385634156 1913789.78218776
-0.00199999999999873 0.0950887402800225 0.0954886194485973 -0.56794994685037 140.465638501389 1916528.1043067
-0.00299999999999859 -0.0764114439113007 -0.0806655059781025 -0.813135142069741 140.324891368622 1913053.91863442
-0.00399999999999866 0.0527413612918433 0.0541584837698014 -0.866423497717326 140.184144235855 1914388.6939351
-0.00499999999999873 -0.0489361887898977 -0.0473637275096024 -1.06585350615845 140.043397103089 1912131.68616933
-0.0059999999999986 0.0377657802232401 0.0297842404835766 -1.14937178240835 139.902649970322 1912672.70371141
-0.00699999999999867 -0.0290703884539747 -0.0292585362558143 -1.33269622187469 139.761902837555 1910901.42293132
-0.00799999999999874 0.0198906935666735 0.0206804447760348 -1.4384030199341 139.621155704788 1910907.37371373
-0.0089999999999986 -0.0234205222481289 -0.0190274037494329 -1.60187908177418 139.480408572021 1909573.54187403
-0.00999999999999867 0.0106609215994881 0.00843875827893845 -1.71812099691068 139.339661439254 1909403.57210414
-0.0109999999999987 -0.00581953142998671 -0.00985042529899986 -1.86578071976059 139.198914306487 1908435.6387085
-0.0119999999999986 0.00423450896951574 -0.000181626026074953 -1.9986749350321 139.05816717372 1907923.47593811
-0.0129999999999987 -0.00815486642467727 -0.00644039093979856 -2.14022218824329 138.917420040953 1907016.95785652
-0.0139999999999987 0.00125401031681691 -0.00453378867051788 -2.27464268230366 138.776672908186 1906474.50195848
-0.0149999999999986 -0.00179856318842424 -0.00151898341864942 -2.41260325371983 138.635925775419 1905730.97418362
-0.0159999999999987 -0.00389118278782285 -0.00241655619158769 -2.55384504538222 138.495178642652 1905016.5510833
-0.0169999999999988 0.00563918628072862 0.0013480212422631 -2.68847882429611 138.354431509885 1904394.31102411
-0.0179999999999986 -0.00342939519337827 -0.00987635210797217 -2.83539692901545 138.213684377119 1903657.24792307
-0.0189999999999987 0.00381354359709201 0.00263759562862482 -2.96562910776094 138.072937244352 1903147.04231665
-0.0199999999999988 -0.00954644932502331 -0.00454864202960737 -3.11213429011615 137.932190111585 1902332.30387577
-0.0209999999999986 0.00584380230368504 0.000529495479829804 -3.24291311096874 137.791442978818 1901803.24243009
-0.0219999999999987 -0.00272575808960718 -0.00833442153062823 -3.3878643156098 137.650695846051 1901013.14332045
-0.0229999999999988 -0.00409160188927719 0.010671973009037 -3.51807312119973 137.509948713284 1900519.67377114
-0.0239999999999986 0.0015011973127702 -0.00836547879435024 -3.66136850155509 137.369201580517 1899763.30791626
-0.0249999999999987 6.8886036438162e-05 -0.000106105095763949 -3.79500093320054 137.22845444775 1899234.62002198
-0.0259999999999988 -0.00454162034192576 -0.00528043442699044 -3.93567318823826 137.087707314983 1898517.790686
-0.0269999999999986 -0.0049713466538374 0.00831259027232276 -4.06927964398572 136.946960182216 1898026.10856502
-0.0279999999999987 0.000883947626842603 -0.011692519047413 -4.21571921251997 136.806213049449 1897278.03879501
-0.0289999999999988 0.00118221110824643 0.00623725407446059 -4.34865911058348 136.665465916682 1896740.05763129
-0.0299999999999986 -0.0103427258978941 -0.0057262138905362 -4.49272648322156 136.524718783915 1896000.59168349
-0.0309999999999987 0.00416308306690164 -0.000261436325988914 -4.61887792753268 136.383971651149 1895598.5908752
-0.0319999999999988 -0.00199734144421271 -0.00498133430909381 -4.76010777478323 136.243224518382 1894976.23833225
-0.0329999999999986 7.65932313323956e-05 0.00283398605143975 -4.89611679574693 136.102477385615 1894460.59314728
-0.0339999999999987 -0.0104091345799916 -0.0014422538980759 -5.03958479317355 135.961730252848 1893736.28608628
-0.0349999999999988 0.00459257866608666 -0.00488887180197551 -5.17387131476618 135.820983120081 1893236.35052366
-0.0359999999999987 -0.0077012347575077 0.00151008849269878 -5.31237970056621 135.680235987314 1892631.82804075
-0.0369999999999987 -0.000983836499126437 -0.00452062498686304 -5.44529018813105 135.539488854547 1892116.86838999
-0.0379999999999988 -0.000697856920147217 -0.00243444698858605 -5.58581071783112 135.39874172178 1891581.38806119
-0.0389999999999987 -0.00293717871171812 -0.000751351863011217 -5.72165437022219 135.257994589013 1891018.5087288
-0.0399999999999987 -0.00275856606760143 0.000401657857199959 -5.85712471109413 135.117247456246 1890497.95606574
-0.0409999999999986 -0.00192366195921034 -0.00227453143227608 -5.99353677822461 134.976500323479 1889901.15397542
-0.0419999999999987 0.00400919508221903 -0.00907441325394817 -6.13076804212554 134.835753190712 1889359.23565057
-0.0429999999999987 -0.0096870333993379 0.00840634960120219 -6.26509809067827 134.695006057945 1888901.19496419
-0.0439999999999988 0.00225125670302602 -0.00503584692504883 -6.40086055237893 134.554258925179 1888443.45592945
-0.0449999999999987 -0.00368726883369606 -0.00269114503200657 -6.53530194414716 134.413511792412 1887885.76913138
-0.0459999999999987 -0.00510421673626469 -0.00116889245469018 -6.66948051624499 134.272764659645 1887395.45609798
-0.0469999999999986 -0.00232509000598928 -0.00282586800553157 -6.80355547980778 134.132017526878 1886883.17761899
-0.0479999999999987 -0.00549672356121901 0.00378217098418466 -6.9367582977048 133.991270394111 1886423.56332361
-0.0489999999999988 0.00132201118473912 -0.00934130167200734 -7.07614982820161 133.850523261344 1885903.43234362
-0.0499999999999988 -0.00678056166137161 0.00552967825653186 -7.20801537427755 133.709776128577 1885467.08141497
-0.0509999999999987 -0.00303238899550259 -0.00168652086345247 -7.33885763418149 133.56902899581 1884974.03762021
-0.0519999999999988 0.00448681261919802 -0.00968506061202806 -7.47335829134412 133.428281863043 1884563.12996344
-0.0529999999999986 -0.012183923497621 0.00408590799831804 -7.6063300299876 133.287534730276 1884083.49345297
-0.0539999999999987 0.0044022022275269 -0.00860803123646112 -7.73539227776079 133.146787597509 1883632.29542587
-0.0549999999999988 -0.0102463169503673 0.00527223953380837 -7.86886500496204 133.006040464742 1883152.98612879
-0.0559999999999988 0.00137113907694901 -0.00878407981177816 -8.00342050633919 132.865293331975 1882676.64111048
-0.0569999999999987 -0.00432154801984156 0.000965041503251898 -8.13355355160698 132.724546199209 1882331.56181114
-0.0579999999999988 -0.009525658260618 0.00657505166423722 -8.26415619683529 132.583799066442 1881955.1313561
-0.0589999999999986 0.0139999140090987 -0.0158544633946926 -8.39297091554205 132.443051933675 1881574.38767173
-0.0599999999999987 -0.0152060997620982 0.0127662643856078 -8.52556998236685 132.302304800908 1881102.63060358
-0.0609999999999988 0.00334270752657925 -0.00823926646068251 -8.65551381387664 132.161557668141 1880675.13285564
-0.0619999999999988 -0.00318450996528961 -0.0051303462243573 -8.77922051151315 132.020810535374 1880293.89066959
-0.0629999999999987 -0.00829280283407194 0.00505198677827364 -8.90784694618561 131.880063402607 1879922.56403172
-0.0639999999999988 0.01010825133029 -0.0191691352080946 -9.03937824336952 131.73931626984 1879517.41842204
-0.0649999999999986 -0.0119096951921216 0.0115659183736605 -9.16271011936758 131.598569137073 1879225.78835134
-0.0659999999999987 0.00180515208966456 -0.00937027266786826 -9.29154362987952 131.457822004306 1878835.68834294
-0.0669999999999988 0.00350597730408665 -0.00998664215132394 -9.41601460202629 131.317074871539 1878453.10301086
-0.0679999999999989 -0.0157123009133956 0.00645672854758387 -9.54388745807208 131.176327738772 1878043.91353534
-0.0689999999999987 0.0112069801778595 -0.0128004979174854 -9.66566575832049 131.035580606005 1877796.4912998
-0.0699999999999988 -0.00904929255592139 0.001120408443535 -9.79449708596339 130.894833473239 1877448.11910407
-0.0709999999999987 -0.00166544146616108 -0.00264155608099392 -9.91714978675856 130.754086340472 1877128.35984384
-0.0719999999999987 0.00210932787471717 -0.00888157760367985 -10.0412721145988 130.613339207705 1876818.27412538
-0.0729999999999988 -0.0102461364223266 0.00339748875321514 -10.1617775582014 130.472592074938 1876520.95692246
-0.0739999999999989 0.00879053096971908 -0.0100094013985484 -10.2835649474386 130.331844942171 1876191.26874433
-0.0749999999999987 -0.0100200205058646 0.00990614473154449 -10.4022621876642 130.191097809404 1875920.33033434
-0.0759999999999988 0.000168009342480707 -0.0092136138811611 -10.5299527678265 130.050350676637 1875565.60368178
-0.0769999999999987 0.00611436505286213 -0.00559342293393893 -10.6471106476966 129.90960354387 1875395.44947772
-0.0779999999999987 -0.0212699530991782 0.0129135919501708 -10.7679597100985 129.768856411103 1875068.62435293
-0.0789999999999988 0.00532242084856404 -0.0129749615207757 -10.8848082383302 129.628109278336 1874830.91482829
-0.0799999999999989 0.00766712857931533 -0.00679753624834417 -11.0058183958708 129.487362145569 1874567.26844664
-0.0809999999999987 -0.0161722969443175 0.0120812231216279 -11.1238198268287 129.346615012802 1874233.81909626
-0.0819999999999988 0.00337133368638911 -0.00849279713965823 -11.2408850316797 129.205867880035 1873951.23515657
-0.0829999999999987 -0.000323463220759607 -0.00425138240761433 -11.3530074238659 129.065120747269 1873813.83865882
-0.0839999999999988 -0.00408164050483851 0.0014710283327391 -11.4682479859395 128.924373614502 1873601.65142038
-0.0849999999999988 -4.94682335730775e-05 -0.000402158293478335 -11.5835568876118 128.783626481735 1873408.00525845
-0.0859999999999989 -0.0029679893988164 -0.00106096065813819 -11.6969309311362 128.642879348968 1873215.57434718
-0.0869999999999988 -0.0020461323109368 -0.00964838913119826 -11.8106471765364 128.502132216201 1872988.97832105
-0.0879999999999988 -0.00500991651520061 0.00103757428494262 -11.9193912785077 128.361385083434 1872784.18654494
-0.0889999999999987 -0.00874451521049496 -0.000612022859840432 -12.0363382959367 128.220637950667 1872518.74873934
-0.0899999999999988 0.00643952782855022 -0.00574825087022871 -12.1440127951753 128.0798908179 1872462.60812208
-0.0909999999999988 0.00128308768622401 0.00147805876582765 -12.2548394012238 127.939143685133 1872319.06935439
-0.0919999999999989 -0.00692188158078556 0.000302325719889156 -12.3662234913043 127.798396552366 1872073.98220022
-0.0929999999999988 0.00598428429831835 -0.00537265194189427 -12.4659794269861 127.657649419599 1872008.34158399
-0.0939999999999987 -0.00810017726866774 -0.00410644383882584 -12.5828360692638 127.516902286832 1871760.67375309
-0.0949999999999988 -0.00764381011268761 0.00196141236451477 -12.6827944953815 127.376155154065 1871708.89332879
-0.0959999999999988 -0.00234210178375593 -0.0128708875723864 -12.7872366148119 127.235408021299 1871559.5017345
-0.0969999999999988 -0.00299338637071437 -0.00157373303597085 -12.8891280125344 127.094660888532 1871510.11175598
-0.0979999999999989 -0.00667617844589812 -0.00802693218502027 -13.0006588599021 126.953913755765 1871293.00006762
-0.0989999999999988 -0.00333298704293827 -0.00801864921426381 -13.0984552265792 126.813166622998 1871157.5244645
-0.0999999999999987 -0.0105855146792174 0.00284878304009669 -13.2016351022524 126.672419490231 1871113.83835034
-0.100999999999999 -0.00339443447784359 -0.00896843157601192 -13.3043710336032 126.531672357464 1871030.04766272
-0.101999999999999 0.00329187983374716 -0.0109405822661003 -13.3983025000212 126.390925224697 1871008.44996115
-0.102999999999999 -0.0106610113884291 0.00204806735865831 -13.5008185178572 126.25017809193 1870902.7150343
-0.103999999999999 -0.00289611746443448 -0.00141155866727159 -13.5962673660539 126.109430959163 1870875.70053094
-0.104999999999999 -0.000816248865316626 -0.0136095513422746 -13.6987342138432 125.968683826396 1870768.58868556
-0.105999999999999 -0.0111219169486803 0.00504570612929984 -13.7830064556641 125.827936693629 1870844.77410862
-0.106999999999999 -0.00249139189103295 -0.0121532024051346 -13.881900647138 125.687189560862 1870720.91312928
-0.107999999999999 -0.00561110129888263 -0.00358835467819424 -13.9737022836327 125.546442428095 1870739.55978699
-0.108999999999999 -0.00736688226998505 -0.00750250067542211 -14.0677473034503 125.405695295329 1870631.05057417
-0.109999999999999 -0.00203806690777715 0.000770792535380912 -14.1557499164281 125.264948162562 1870689.43093749
-0.110999999999999 -0.00292392772065492 -0.00889601268693126 -14.251307353925 125.124201029795 1870706.24007368
-0.111999999999999 -0.0020601710753291 -0.000691730389466274 -14.3316553246805 124.983453897028 1870808.40704102
-0.112999999999999 -0.00746355863609826 -0.00684242362922902 -14.4258026085695 124.842706764261 1870704.64960643
-0.113999999999999 -0.00202656252712095 -0.00676876398892298 -14.5095134920421 124.701959631494 1870781.93604888
-0.114999999999999 -0.00907319060955096 -0.00407153911665117 -14.5960021677015 124.561212498727 1870747.92870903
-0.115999999999999 -0.00751002507946596 -0.00967218065020905 -14.6806499745486 124.42046536596 1870843.67319671
-0.116999999999999 -0.00199400797764275 -0.00304527863618185 -14.7609521998077 124.279718233193 1870993.75754965
-0.117999999999999 0.00132056251928475 -0.00991927439526499 -14.8446021033541 124.138971100426 1870984.18629164
-0.118999999999999 -0.00927762107811437 0.00510983560590961 -14.920361900947 123.998223967659 1871127.31954643
-0.119999999999999 -0.00400874061706697 -0.0118525921134688 -15.0104070698577 123.857476834892 1871064.60865629
-0.120999999999999 -0.00123028010104311 -0.0061218819096222 -15.0813187273516 123.716729702125 1871202.94097595
-0.121999999999999 -0.0144299016064225 0.00260816608346191 -15.1590681996224 123.575982569359 1871328.29617831
-0.122999999999999 -0.00413373170802105 -0.00953282141864438 -15.2347486289294 123.435235436592 1871452.86673394
-0.123999999999999 0.000356878536339027 -0.00797344819069737 -15.3058509569068 123.294488303825 1871651.27415527
-0.124999999999999 -0.0155121781523448 -0.00122936808865694 -15.3814963940829 123.153741171058 1871749.92068757
-0.125999999999999 -0.00291816470792479 -0.00862105681531761 -15.4525498721473 123.012994038291 1871873.37958842
-0.126999999999999 -0.00311503947027159 -0.00972029563407606 -15.5219559103351 122.872246905524 1872036.17184052
-0.127999999999999 -0.00774227099031631 0.00342028611345235 -15.5894494093871 122.731499772757 1872283.02749422
-0.128999999999999 -0.010388410129301 -0.0050520807539607 -15.6597020858994 122.59075263999 1872350.72312331
-0.129999999999999 0.0126466002257931 -0.015939352958273 -15.7239050429716 122.450005507223 1872547.707403
-0.130999999999999 -0.00492318726563094 -0.00561235314640463 -15.7895112617631 122.309258374456 1872670.96208932
-0.131999999999999 -0.0184528000341734 0.00368878215251221 -15.8533490702686 122.168511241689 1872886.29375995
-0.132999999999999 0.00394516551524197 -0.00974234375747765 -15.915796528724 122.027764108922 1873208.06934714
-0.133999999999999 -0.00352224425749026 -0.0195799844969475 -15.9807088243907 121.887016976155 1873291.64187935
-0.134999999999999 -0.00727170230661563 0.00312007370231029 -16.0301015978289 121.746269843389 1873662.39013366
-0.135999999999999 -0.0135666791969298 -0.00739124442319001 -16.0952070877485 121.605522710622 1873774.98683996
-0.136999999999999 0.00691582462866232 -0.0118769835393543 -16.1442444031319 121.464775577855 1874185.5526653
-0.137999999999999 -0.00608452327737411 -0.0118065527055415 -16.2064955350358 121.324028445088 1874325.81429134
-0.138999999999999 -0.0204802529801666 0.00825636063651054 -16.252715322856 121.183281312321 1874548.83906348
-0.139999999999999 -0.00727533744599402 -0.00736150048856751 -16.314748189594 121.042534179554 1874812.4820039
-0.140999999999999 0.00840088467636657 -0.0175437799471644 -16.3531661330849 120.901787046787 1875179.17317012
-0.141999999999999 -0.0179741483909389 0.00373601545926455 -16.407342964631 120.76103991402 1875440.90004699
-0.142999999999999 -0.00581166861553419 -0.00794704355527097 -16.4503611533477 120.620292781253 1875806.3130247
-0.143999999999999 -0.00265492212801567 -0.0105423721820767 -16.4893753436699 120.479545648486 1876170.55511185
-0.144999999999999 -0.00239107701710307 -0.0105171731603288 -16.5343802035505 120.338798515719 1876496.03935002
-0.145999999999999 -0.0113877068215423 -0.00552035946810402 -16.5754185761147 120.198051382952 1876834.16530758
-0.146999999999999 -0.0185793207723188 0.00167016748397344 -16.6069487328809 120.057304250185 1877284.99379948
-0.147999999999999 0.00334737236275606 -0.0129573557914274 -16.6346023434632 119.916557117419 1877722.39505856
-0.148999999999999 -0.0078841884872126 -0.0161780040205656 -16.6746577957972 119.775809984652 1877966.36029175
-0.149999999999999 -0.00705153122141424 0.00227747487645705 -16.6972477454862 119.635062851885 1878495.40103491
-0.150999999999999 -0.0190077140977004 -0.0115129448448825 -16.7427688014937 119.494315719118 1878677.24969578
-0.151999999999999 0.00565506666892609 -0.0123274455145785 -16.751911719378 119.353568586351 1879376.30758256
-0.152999999999999 -0.0121242204670629 -0.00534934591078852 -16.7556584957863 119.212821453584 1879872.10235313
-0.153999999999999 -0.0176729064160552 -0.00983080682036788 -16.7614101199512 119.072074320817 1880385.84874187
-0.154999999999999 -0.0101931984648971 -0.00990424474433575 -16.7464184026407 118.93132718805 1881130.75412981
-0.155999999999999 -0.00927092265307626 -0.0174083373598277 -16.7493192097779 118.790580055283 1881714.85197912
-0.156999999999999 -0.0148879888058254 -0.00219745453657418 -16.7277126395872 118.649832922516 1882437.8661489
-0.157999999999999 -0.0212855107594675 -0.00719632985524767 -16.689842732923 118.509085789749 1883224.13549186
-0.158999999999999 -0.0045494724254911 -0.0131688720661799 -16.6319570114834 118.368338656982 1884198.23579267
-0.159999999999999 -0.0194633583885446 -0.0142283961761269 -16.5521187019583 118.227591524215 1885124.66599974
-0.160999999999999 -0.00917740545829699 -0.0206419737152918 -16.4306942581961 118.086844391449 1886455.17199403
-0.161999999999999 -0.0184822806108606 -0.0143185783324361 -16.2993563467095 117.946097258682 1887797.60329263
-0.162999999999999 -0.0207295193450661 -0.0136142833096984 -16.1170115878432 117.805350125915 1889470.19332409
-0.163999999999999 -0.0222531788529359 -0.0189287426036001 -15.911573802888 117.664602993148 1891180.02495113
-0.164999999999999 -0.0162797370368975 -0.0155490536264196 -15.639155594587 117.523855860381 1893330.8396908
-0.165999999999999 -0.0279380513658783 -0.0216214568055005 -15.3625581063387 117.383108727614 1895463.80840169
-0.166999999999999 -0.0346415575375443 -0.0276509398826751 -15.0146326396012 117.242361594847 1898001.38584175
-0.167999999999999 -0.0359100557262947 -0.0236124692738824 -14.7214855862279 117.10161446208 1900430.75620401
-0.168999999999999 -0.0319446937196258 -0.0356606830347112 -14.3276694907395 116.960867329313 1903421.28794845
-0.169999999999999 -0.0526126616790177 -0.0371542973268414 -13.9226338364494 116.820120196546 1906548.06315186
-0.170999999999999 -0.0373079351040115 -0.037112352996577 -13.5013995413694 116.679373063779 1910158.53297576
-0.171999999999999 -0.0394954612931181 -0.0578312196083872 -12.9818236997771 116.538625931012 1914253.28757697
-0.172999999999999 -0.0687170573750426 -0.0496648876640808 -12.4124846163463 116.397878798245 1918653.81203802
-0.173999999999999 -0.0581208604359811 -0.0409753760297572 -11.8271225475397 116.257131665479 1923304.48492858
-0.174999999999999 -0.0619314535463662 -0.0561968785479084 -11.1363248554071 116.116384532712 1928068.07476113
-0.175999999999999 -0.0425783859797943 -0.0372151499852107 -10.4648525514676 115.975637399945 1932652.26698509
-0.176999999999999 -0.0461933315017169 -0.0564068285267562 -9.75257426398749 115.834890267178 1936430.08937272
-0.177999999999999 -0.0367207777916748 -0.0355626866524733 -9.0548790175893 115.694143134411 1939986.42135945
-0.178999999999999 -0.0161619504672197 -0.0251865411552682 -8.37099575740333 115.553396001644 1942824.39205626
-0.179999999999999 -0.0342757623919786 -0.0101777436494345 -7.69740763534746 115.412648868877 1944775.11988213
-0.180999999999999 -0.0307098822182499 -0.0173191569329842 -7.06372231182618 115.27190173611 1946369.00950759
-0.181999999999999 0.00914749302242216 -0.0401152362270342 -6.48493604981695 115.131154603343 1947520.51039203
-0.182999999999999 -0.0277152472477945 0.0172369657273178 -5.97493501483079 114.990407470576 1948039.44362182
-0.183999999999999 -0.00702610802378002 -0.0185699301826888 -5.53597437556116 114.849660337809 1948105.79984245
-0.184999999999999 0.000741025148716129 -0.00420188321280873 -5.12649088489788 114.708913205042 1948228.36247548
-0.185999999999999 0.00650036908229704 -0.00290813967758068 -4.81421408005776 114.568166072275 1947764.59926533
-0.186999999999999 -0.00579815684199502 -0.02401601377045 -4.55376693677501 114.427418939509 1947007.87917445
-0.187999999999999 -0.00669731852365293 -0.00519611686879432 -4.34028354609069 114.286671806742 1946365.27169144
-0.188999999999999 -0.0182528190038011 0.004445125041274 -4.16591056097003 114.145924673975 1945552.7633829
-0.189999999999999 0.00293409827262295 -0.00599860791295504 -4.01033797287687 114.005177541208 1945032.15755227
-0.190999999999999 0.00138771802616992 -0.0116751242256305 -3.88222282422144 113.864430408441 1944476.45475169
-0.191999999999999 -0.0132822714483467 0.00377443152678036 -3.78230254459262 113.723683275674 1943817.73579165
-0.192999999999999 -0.0190250252842578 -0.0147394525496804 -3.72280231668225 113.582936142907 1942854.37050373
-0.193999999999999 0.00136210302644243 -0.0103747975463313 -3.66465102146705 113.44218901014 1942414.0289492
-0.194999999999999 -0.00800674548232063 -0.00799144474897714 -3.61874868735611 113.301441877373 1941825.53874081
-0.195999999999999 -0.00121655292203322 -0.010873247417088 -3.57074515440092 113.160694744606 1941495.62009841
-0.196999999999999 -0.0288458471569293 -0.0078610759474351 -3.56638408946284 113.019947611839 1940736.36018254
-0.197999999999999 -0.00186498237362892 0.000292732609164609 -3.53608632507658 112.879200479072 1940712.96735007
-0.198999999999999 -0.00901526147131651 -0.00892195464257466 -3.53269646724776 112.738453346305 1940200.25108204
-0.199999999999999 -0.00209604777437991 0.00119763326363232 -3.51886154332877 112.597706213539 1940054.17201073
-0.200999999999999 -0.00379867545329677 -0.020431208787642 -3.52782908273333 112.456959080772 1939552.26244385
-0.201999999999999 -0.0062217709854257 0.00320553310006234 -3.51050615583384 112.316211948005 1939359.14545766
-0.202999999999999 -0.0054038364592097 -0.00511846685320326 -3.50000520644076 112.175464815238 1939262.4400168
-0.203999999999999 0.00213989382273302 -0.0130715445388259 -3.50816834596872 112.034717682471 1938841.15781199
-0.204999999999999 -0.0265006944364254 -0.0230042406170233 -3.52499846405985 111.893970549704 1938287.44985445
-0.205999999999999 -0.00414808234762811 0.00861495317647495 -3.48037882189888 111.753223416937 1938641.82975038
-0.206999999999999 -0.00827419635060615 -0.0172061617398282 -3.50452001219527 111.61247628417 1938168.63073038
-0.207999999999999 0.00433352269563091 -0.0132949672089948 -3.50326927383083 111.471729151403 1938004.58056325
-0.208999999999999 -0.0126622813297298 -0.0093443261575067 -3.5263656482048 111.330982018636 1937659.62118961
-0.209999999999999 -0.0107586304806007 -0.00281257240887516 -3.54321870716029 111.190234885869 1937472.69787255
-0.210999999999999 0.00393436306355973 -0.0269831918089877 -3.55237734179902 111.049487753102 1937192.89691142
-0.211999999999999 -0.0203844624371095 -0.00121808389629649 -3.56765757761149 110.908740620335 1936995.88314415
-0.212999999999999 -0.0128451804157057 -0.00754372786888594 -3.57190288760311 110.767993487569 1936793.82174687
-0.213999999999999 0.00150002950216882 -0.0138360146216453 -3.6024126688762 110.627246354802 1936471.03973982
-0.214999999999999 -0.00536375798487517 -0.00941083107863631 -3.60714678927117 110.486499222035 1936355.77104637
-0.215999999999999 -0.00832727435129475 -0.00096854803170923 -3.64532700233391 110.345752089268 1936072.58499385
-0.216999999999999 -0.0134694043507786 -0.0112331757519796 -3.67683918216829 110.205004956501 1935791.68702317
-0.217999999999999 -0.013212259512497 -0.0135652331806286 -3.6724499224692 110.064257823734 1935689.10827988
-0.218999999999999 -0.00513651762885265 -0.00611980333453068 -3.67696200818858 109.923510690967 1935670.06859594
-0.219999999999999 -0.00354153115874565 -0.0189563228481826 -3.71920306127122 109.7827635582 1935252.70079821
-0.220999999999999 -0.019105029489731 0.00905871162690792 -3.72532839864418 109.642016425433 1935158.05654497
-0.221999999999999 -0.0220344272477272 -0.0191569785443626 -3.75644856986052 109.501269292666 1934807.30200197
-0.222999999999999 0.0131083107285753 0.00732379478300178 -3.7489838131158 109.360522159899 1935152.92230055
-0.223999999999999 -0.0169170527215227 -0.0328020776678349 -3.80475521448105 109.219775027132 1934294.92436758
-0.224999999999999 0.00343767809889514 0.000216035173809447 -3.80398274821632 109.079027894365 1934617.82880152
-0.225999999999999 -0.0110603378102056 -0.0241790103413642 -3.83947926281228 108.938280761599 1934103.90132112
-0.226999999999999 -0.01411866723502 -0.00119112650385537 -3.8444628528668 108.797533628832 1934077.91044728
-0.227999999999999 -0.013519528263339 -0.011714101836872 -3.87842124098676 108.656786496065 1933905.31671157
-0.228999999999999 0.00299310094385923 -0.00736711491410003 -3.89836084199872 108.516039363298 1933902.40169018
-0.229999999999999 -0.0146150676516672 -1.69368833103132e-05 -3.93526161496604 108.375292230531 1933623.41358424
-0.230999999999999 0.00162050716614263 -0.0162965016088546 -3.93824428606262 108.234545097764 1933468.53355747
-0.231999999999999 -0.00848507438870468 0.00233206562577155 -3.94735592958032 108.093797964997 1933382.62190416
-0.232999999999999 -0.00703884336151793 -0.00601028943481216 -3.94927743473067 107.95305083223 1933424.85289311
-0.233999999999999 0.00135034520044486 -0.0189064026545094 -3.96374617338654 107.812303699463 1933248.45036474
-0.234999999999999 -0.0303645422262713 -0.00439631520349301 -3.99345150445224 107.671556566696 1932935.81559784
-0.235999999999999 0.00345966367622976 -0.00456559481625167 -3.99717132866232 107.530809433929 1933176.52136402
-0.236999999999999 -0.0237663541241022 -0.00954861611555506 -4.02229122340978 107.390062301162 1932824.53846791
-0.237999999999999 0.00835400547575252 -0.0215375372308964 -4.04393910979704 107.249315168395 1932728.78254819
-0.238999999999999 -0.00938947306128811 -0.0194910626875282 -4.08191975524297 107.108568035629 1932360.80197072
-0.239999999999999 -0.021147048532162 0.0182516869456737 -4.07123080370225 106.967820902862 1932568.04780865
-0.240999999999999 -0.0020937385000543 -0.0276119844425956 -4.09989961450715 106.827073770095 1932196.05924297
-0.241999999999999 -0.00505895604673967 0.0058849542620704 -4.11134929052854 106.686326637328 1932234.81497749
-0.242999999999999 -0.0114628697495915 -0.0220417728734971 -4.1387428851288 106.545579504561 1931871.86794846
-0.243999999999999 -0.00415417595878952 -0.0138386888411792 -4.13058070783593 106.404832371794 1932004.43876016
-0.244999999999999 -0.021504822797156 0.00593286403677 -4.13438469205306 106.264085239027 1932067.93636381
-0.245999999999999 -0.0141829626177824 -0.0312370421604645 -4.14798958024226 106.12333810626 1931770.27691007
-0.246999999999999 -0.00497000037271861 0.00861776667195914 -4.15307950443957 105.982590973493 1932071.18132967
-0.247999999999999 -0.0253919570373374 -0.0170522740342749 -4.16218309026249 105.841843840726 1931694.354105
-0.248999999999999 0.00358753663773615 -0.0117961808079882 -4.16683967471942 105.701096707959 1931735.56923033
-0.249999999999999 -0.0244449458140236 -0.0124643151299035 -4.2047808760046 105.560349575192 1931389.8001336
-0.250999999999999 -0.0155769635339479 -0.00264260421466572 -4.21923306340434 105.419602442425 1931250.11662189
-0.251999999999999 -0.011259823416676 -0.0119268843865974 -4.233826976707 105.278855309659 1931252.78441027
-0.252999999999999 -0.00417436049290727 -0.0147749089321864 -4.2381286290657 105.138108176892 1931270.14401017
-0.253999999999999 -0.0323714655129649 -0.0075766654315475 -4.23437695990018 104.997361044125 1931170.09880206
-0.254999999999999 0.00566352096051058 -0.0209902446292961 -4.25277376495028 104.856613911358 1931193.78843269
-0.255999999999999 -0.0193887853830518 -0.00296960191850219 -4.25296031036186 104.715866778591 1931122.01081515
-0.256999999999999 -0.00450877091338886 -0.0217746164009211 -4.27453490304955 104.575119645824 1930934.44121578
-0.257999999999999 -0.0144963134313066 -0.0101825478518684 -4.24021918551847 104.434372513057 1931147.81867629
-0.258999999999999 -0.00115142138882396 -0.0103117822215477 -4.25667827745399 104.29362538029 1931103.01894181
-0.259999999999999 -0.0171753081952943 -0.00675565342389673 -4.26835629730066 104.152878247523 1931019.54003211
-0.260999999999999 -0.00713160136583085 -0.0186518218036434 -4.251489807973 104.012131114756 1931135.9433189
-0.261999999999999 -0.00542995873266311 -0.00909506561352835 -4.2501726931273 103.871383981989 1931251.53570096
-0.262999999999999 -0.0245393791253388 -0.0201151150427322 -4.26092846213371 103.730636849222 1930791.87809019
-0.263999999999999 -0.00935330096626277 -0.00680042272367372 -4.25671961734117 103.589889716455 1930943.51468363
-0.264999999999999 -0.000860997498918173 -0.0133825542527024 -4.25243017530742 103.449142583689 1931030.88015087
-0.265999999999999 -0.0121787654975372 -0.0109314961004018 -4.25122329929633 103.308395450922 1930961.60220637
-0.266999999999999 -0.0181846305561898 0.00039463670683768 -4.23665832754947 103.167648318155 1931103.65617704
-0.267999999999999 -0.00398586105823662 -0.0221704207102054 -4.22866927836051 103.026901185388 1931184.76948848
-0.268999999999999 -0.0181982359867729 -0.0197244691570098 -4.23303132538228 102.886154052621 1931243.47694897
-0.269999999999999 -0.0138445760284646 -0.00481111395165843 -4.21827490354228 102.745406919854 1931288.83355688
-0.270999999999999 0.00159269453407024 -0.00757389609198197 -4.2215086255614 102.604659787087 1931297.58956049
-0.271999999999999 -0.0340354204697643 -0.0161919888848684 -4.22202790640743 102.46391265432 1930978.31746506
-0.272999999999999 0.00272343159914493 -0.00815780744424167 -4.22994769451683 102.323165521553 1931202.07428151
-0.273999999999999 -0.0266703419946372 0.00160133507760447 -4.23460057125347 102.182418388786 1931099.19809312
-0.274999999999999 -0.0154212018343658 -0.00685844857590229 -4.24882336196234 102.041671256019 1930992.48792374
-0.275999999999999 0.00881065357503052 -0.00969567004091658 -4.22902090201488 101.900924123252 1931236.21482306
-0.276999999999999 -0.0290438920656914 -0.0255196728889083 -4.25149979094887 101.760176990485 1930823.91011337
-0.277999999999999 -0.00555501461645113 0.00619854623608892 -4.23511920324033 101.619429857719 1931247.71193379
-0.278999999999999 -0.0320507414841245 -0.0246734232645511 -4.26911934038018 101.478682724952 1930769.63037761
-0.279999999999999 0.00109394008166137 0.00864061092286041 -4.23808676064989 101.337935592185 1931198.59593106
-0.280999999999999 -0.0272617641555065 -0.02674561248426 -4.26548079383995 101.197188459418 1930807.94589495
-0.281999999999999 -0.00415102167684486 -0.000617579996385255 -4.25313560664125 101.056441326651 1931096.88133344
-0.282999999999999 -0.0172832723354677 -0.0273328134912352 -4.26205364824069 100.915694193884 1930791.63464447
-0.283999999999999 -0.013435802183826 -0.000352018704637633 -4.21143294440787 100.774947061117 1931338.51305101
-0.284999999999999 -0.0206455131054393 -0.0133859532692532 -4.21117951908002 100.63419992835 1931274.36315311
-0.285999999999999 -0.0138369949365415 -0.0152883058621257 -4.20121607330657 100.493452795583 1931308.41336565
-0.286999999999999 -0.00206325326375088 -0.02361669032556 -4.15785345028534 100.352705662816 1931567.22308406
-0.287999999999999 -0.0345315075492723 -0.00527194902847473 -4.16842106830772 100.211958530049 1931412.15729364
-0.288999999999999 -0.00146396203522346 -0.00848372635464801 -4.16988958181864 100.071211397282 1931619.5897287
-0.289999999999999 -0.00383331443762435 -0.0170186157299919 -4.18059177228046 99.9304642645155 1931461.79051964
-0.290999999999999 -0.0159605032174926 0.0076093239636038 -4.17979628309992 99.7897171317485 1931717.54471476
-0.291999999999999 -0.0144607003417665 -0.014359368859672 -4.18598746061592 99.6489699989816 1931529.58201033
-0.292999999999999 0.000631627454864889 -0.0197893937963405 -4.19191792632194 99.5082228662147 1931619.03700922
-0.293999999999999 -0.0152418750692911 -0.0157350182962767 -4.18675574729181 99.3674757334478 1931543.36314567
-0.294999999999999 -0.03321354219009 -0.00357654092787777 -4.17634408666808 99.2267286006808 1931633.700118
-0.295999999999999 -0.00465676013275965 -0.0101314285277063 -4.17362134612236 99.0859814679139 1931726.21435282
-0.296999999999999 -0.00310557332007054 -0.0305939868998894 -4.17576878399367 98.945234335147 1931637.06101109
-0.297999999999999 -0.0325280153603482 0.00721638386075577 -4.16766303596295 98.8044872023801 1931771.34761252
-0.298999999999999 -0.00498377626773889 -0.0277659733300304 -4.16604690689289 98.6637400696131 1931838.76612538
-0.299999999999999 -0.00208302286779494 -0.00262453442846476 -4.17556298319374 98.5229929368462 1931906.83767943
-0.300999999999999 -0.0259464411202871 -0.0331148440840215 -4.18505721191503 98.3822458040793 1931630.51884474
-0.301999999999999 -0.0166803174876919 -0.00164141508987256 -4.15842015096187 98.2414986713124 1931963.51416134
-0.302999999999999 -0.0138801207259651 -0.0178359723882098 -4.15055604471634 98.1007515385455 1931993.5532204
-0.303999999999999 -0.015410628838398 -0.00816798091884897 -4.14702896394185 97.9600044057785 1932101.37092294
-0.304999999999999 -0.0271074247018669 0.00142140398982145 -4.15277620274187 97.8192572730116 1932090.77609263
-0.305999999999999 -0.0100449518490376 -0.0116641186659239 -4.14708936803263 97.6785101402447 1932063.25156274
-0.306999999999999 -0.00716704562732127 -0.0264580939345391 -4.14780392657998 97.5377630074778 1932018.35877958
-0.307999999999999 -0.00934389300512551 -0.00626924940867568 -4.16404151666201 97.3970158747108 1932051.11280097
-0.308999999999999 -0.019571101405012 -0.00835727598123942 -4.17998619440769 97.2562687419439 1931869.51309665
-0.309999999999999 -0.00758276533932703 -0.00885303014724677 -4.19608680818961 97.115521609177 1931820.91218256
-0.310999999999999 -0.0168516507352759 -0.0244881598763964 -4.18885734622757 96.9747744764101 1931727.36017041
-0.311999999999999 -0.0271484352288834 -0.0153465991438104 -4.16841720513942 96.8340273436431 1931992.14720894
-0.312999999999999 0.00914676276488069 -0.016190072448127 -4.18378320382904 96.6932802108762 1932200.73557653
-0.313999999999999 -0.0148439188548521 -0.0263343046984347 -4.1831057564931 96.5525330781093 1932015.75695106
-0.314999999999999 -0.00643995525183372 -0.00519779700577336 -4.16096767320339 96.4117859453424 1932333.60998235
-0.315999999999999 -0.0168606872070364 -0.0203758391020641 -4.19267749236982 96.2710388125755 1931956.63355126
-0.316999999999999 6.84440441204882e-05 -0.0153445893097446 -4.16341541651268 96.1302916798085 1932308.58566681
-0.317999999999999 -0.0127217026428064 -0.0135365907827117 -4.18756072885388 95.9895445470416 1932135.97398895
-0.318999999999999 -0.0299747105846857 -0.00738603118675725 -4.17913310815456 95.8487974142747 1932123.25303159
-0.319999999999999 -0.00889444464669893 -0.0127678844358776 -4.1531167032682 95.7080502815078 1932332.5965267
-0.320999999999999 -0.0139201682024302 -0.00402264324943113 -4.13413707814342 95.5673031487408 1932415.13142784
-0.321999999999999 -0.0188873785676031 -0.0177211463456111 -4.14232502200069 95.4265560159739 1932422.43408322
-0.322999999999999 0.0050133566333876 -0.0141670523974144 -4.12431294007622 95.285808883207 1932791.26609366
-0.323999999999999 -0.0273008534420518 -0.0177028883267394 -4.14023374109805 95.14506175044 1932404.9857239
-0.324999999999999 -0.0209724365230873 0.00446830125385462 -4.12007884869559 95.0043146176731 1932759.87249382
-0.325999999999999 -0.0126488632169431 -0.0369778828993188 -4.1193185174815 94.8635674849062 1932635.12750597
-0.326999999999999 -0.00749184757800884 -0.00624683816082185 -4.11186210969404 94.7228203521393 1932924.28056954
-0.327999999999999 -0.0226765015871005 -0.027253047017667 -4.14509711789295 94.5820732193724 1932559.77344397
-0.328999999999999 -0.0181291060137793 -9.25163043627137e-05 -4.13606182436231 94.4413260866054 1932861.24069529
-0.329999999999999 -0.0127505535311606 -0.0230618310930735 -4.13075297395812 94.3005789538385 1932955.85692831
-0.330999999999999 -0.024087283976714 -0.00211731398639643 -4.13076848339504 94.1598318210716 1933035.85312961
-0.331999999999999 -0.0197419424394759 -0.0164316021594378 -4.10652655249156 94.0190846883047 1933166.38983811
-0.332999999999999 -0.0242918370296287 -0.00927434754687913 -4.13021230241907 93.8783375555378 1933055.08168614
-0.333999999999999 -0.0163542587594555 -0.00884501646443495 -4.12246898997293 93.7375904227708 1933155.75032115
-0.334999999999999 -0.00405752493499236 -0.0278947413284067 -4.11552265268251 93.5968432900039 1933245.49439257
-0.335999999999999 -0.0277732638662524 0.0035647988175369 -4.1130849129155 93.456096157237 1933417.87128511
-0.336999999999999 -0.00172482473741536 -0.0314560582301315 -4.12812057746812 93.3153490244701 1933231.79737903
-0.337999999999999 -0.0146045186050852 0.00273834317597162 -4.13085863209659 93.1746018917031 1933323.14696726
-0.338999999999999 -0.0161782614995505 -0.0232228917447669 -4.12764588846158 93.0338547589362 1933211.3204344
-0.339999999999999 -0.0133984863460768 -0.0123782384099159 -4.0976178772195 92.8931076261693 1933488.57741488
-0.340999999999999 -0.0250594911601658 -0.0044228952956836 -4.08258926435093 92.7523604934024 1933629.93332591
-0.341999999999999 -0.0107398126426455 -0.0180586667484006 -4.09793412302824 92.6116133606354 1933601.48240496
-0.342999999999999 -0.0177514284240515 -0.0179506999657442 -4.0717551325195 92.4708662278685 1933580.06461527
-0.343999999999999 -0.0232044522981281 -0.0190249655426241 -4.08663376461891 92.3301190951016 1933675.65182586
-0.344999999999999 -0.0100271259572747 -0.0216241020267982 -4.05672337679821 92.1893719623347 1933771.39283574
-0.345999999999999 -0.0106747996137617 -0.0095989571789724 -4.06321209546707 92.0486248295678 1933891.70442202
-0.346999999999999 -0.0163240618996228 -0.00772247589187371 -4.06683159011939 91.9078776968008 1933964.46461547
-0.347999999999999 -0.00152743903112228 -0.023258083832154 -4.05300526042148 91.7671305640339 1933978.46216882
-0.348999999999999 -0.0327585609686489 -0.0172136971432612 -4.06745203671671 91.626383431267 1933783.64161667
-0.349999999999999 -0.000151169827431571 -0.0121331251925717 -4.07288090322427 91.4856362985001 1933935.26349038
-0.350999999999999 -0.0111282261548571 -0.0270562553528871 -4.06655319577311 91.3448891657331 1933730.82607208
-0.351999999999999 -0.0131196790199806 -0.015386092073313 -4.0790641436287 91.2041420329662 1933859.66491941
-0.352999999999999 -0.0178136968251542 -0.0179780406427345 -4.06406106157398 91.0633949001993 1933759.35098512
-0.353999999999999 -0.0124462826006896 -0.0230495510147512 -4.0281898089168 90.9226477674324 1933996.49642095
-0.354999999999999 -0.0212686176699132 -0.0148068222077776 -4.04200825978249 90.7819006346654 1933983.90586241
-0.355999999999999 -0.0211514823984095 -0.00331998188867672 -3.99640786852087 90.6411535018985 1934224.96317313
-0.356999999999999 -0.0133106656523517 -0.028851424640694 -4.02903779801907 90.5004063691316 1933928.85941903
-0.357999999999999 -0.010495424424947 -0.00314954720261478 -4.02443694539306 90.3596592363647 1934240.41435891
-0.358999999999999 -0.0286279915474315 -0.0164985258929984 -4.02826302733783 90.2189121035977 1933970.78571205
-0.359999999999999 -0.0230719133584138 -0.0108393554235703 -4.02538646478122 90.0781649708308 1933960.99166512
-0.360999999999999 -0.0198292834860787 -0.0135236477916403 -4.00252940422907 89.9374178380639 1934148.20624115
-0.361999999999999 -0.0112143963539967 -0.0037289745614671 -4.00908906429497 89.796670705297 1934189.35922492
-0.362999999999999 -0.000945709766503673 -0.0282929994962189 -4.03592462017869 89.6559235725301 1933943.22796886
-0.363999999999999 -0.0250439023260188 -0.00896279319770718 -4.03890251700784 89.5151764397631 1934004.59116335
-0.364999999999999 -0.0152733351709956 -0.0189394848124971 -4.01857411073212 89.3744293069962 1934162.97211691
-0.365999999999999 -0.0264133205428142 -0.009935182678687 -4.02693058061767 89.2336821742293 1934073.2303031
-0.366999999999999 -0.026080454447993 -0.00859927811777048 -4.03136097605072 89.0929350414624 1934101.96097142
-0.367999999999999 0.00469312606238257 -0.0336447879747924 -4.04035545884825 88.9521879086954 1934202.33611079
-0.368999999999999 -0.023029083056174 -0.0122358916805157 -4.06463177438838 88.8114407759285 1934165.40289382
-0.369999999999999 -0.0226259465783994 -0.019004340869629 -4.07478722502883 88.6706936431616 1934109.54843744
-0.370999999999999 -0.0141132983377853 -0.0219067611619093 -4.04042769728259 88.5299465103947 1934402.51065817
-0.371999999999999 -0.0036090407424022 -0.0208404996329999 -4.07339114420024 88.3891993776277 1934182.27932517
-0.372999999999999 -0.0178971021325266 -0.014790983228028 -4.05807796181871 88.2484522448608 1934342.76021489
-0.373999999999999 -0.0100548722235456 -0.0252178238441121 -4.05751983850288 88.1077051120939 1934322.90426137
-0.374999999999999 -0.0185460175657104 -0.0201971862619572 -4.03422687083339 87.966957979327 1934471.71364005
-0.375999999999999 -0.0113191503306383 -0.00725248784138781 -4.0589553898837 87.8262108465601 1934557.19286644
-0.376999999999999 -0.0303232478324937 -0.0169978729133577 -4.08768077522764 87.6854637137931 1934231.98701185
-0.377999999999999 -0.000875304021432992 -0.013677274952094 -4.08655832649773 87.5447165810262 1934329.86011909
-0.378999999999999 -0.0205021281689076 -0.0224090315106499 -4.09130754791662 87.4039694482593 1934152.21228934
-0.379999999999999 -0.0195117909839169 -0.0212145949016933 -4.09158662646017 87.2632223154924 1934301.17099359
-0.380999999999999 -0.0197007155039103 0.0106140918571959 -4.07932240793403 87.1224751827254 1934586.75780843
-0.381999999999999 -0.01405480837108 -0.0361070486504314 -4.08207134793805 86.9817280499585 1934229.79855111
-0.382999999999999 0.00280781491344193 -0.0036159669028059 -4.07063480867175 86.8409809171916 1934719.06557195
-0.383999999999999 -0.0486661533921072 -0.0242344639925692 -4.10857701458973 86.7002337844247 1934092.74886512
-0.384999999999999 -0.00737055103488621 -0.000996185143702634 -4.06444284787321 86.5594866516577 1934771.96524447
-0.385999999999999 -0.0177331905285878 -0.0328008111538419 -4.08009305287352 86.4187395188908 1934430.8568661
-0.386999999999999 -0.0198135155187204 -0.018237390622899 -4.0576662535761 86.2779923861239 1934671.37913298
-0.387999999999999 -0.0144938537926371 -0.0177753571166579 -4.05535672797817 86.137245253357 1934725.76290969
-0.388999999999999 -0.0095816891589424 -0.0165100177449666 -4.04488572766572 85.99649812059 1934817.38320895
-0.389999999999999 -0.0129111930956199 -0.0327048131589658 -4.02990388646007 85.8557509878231 1934896.5649475
-0.390999999999999 -0.0270744194346324 -0.00457001905068173 -4.03332316973026 85.7150038550562 1934921.70863225
-0.391999999999999 -0.0230550277651166 -0.007638972265631 -4.03162557855764 85.5742567222893 1935083.79503155
-0.392999999999999 -0.00468351147926034 -0.0263784641778044 -4.05075419031645 85.4335095895224 1934972.19779109
-0.393999999999999 -0.0154017424378181 -0.0253776850379153 -4.05223450176352 85.2927624567554 1935010.71975077
-0.394999999999999 -0.0214731138453983 -0.00311115367545052 -4.04925844936356 85.1520153239885 1935210.70103874
-0.395999999999999 -0.0210896245122898 -0.0211979619181536 -4.07024973969711 85.0112681912216 1934954.26810513
-0.396999999999999 -0.000931974082001851 -0.0268541714982621 -4.09214343319206 84.8705210584547 1934894.94962808
-0.397999999999999 -0.0261367122289997 -0.00258884317703159 -4.06527663167775 84.7297739256877 1935132.84873536
-0.398999999999999 -0.00910393077519009 -0.0262505208920863 -4.06443230103445 84.5890267929208 1935115.8292271
-0.399999999999999 -0.0312032203794326 0.000367449835222918 -4.046654510528 84.4482796601539 1935266.66457045
