# Fix print output for fix defprint
8.07752213331729e-16 0.134031478140653 0.133831439414175 -0.275539065714378 281.489387079963 15349669.5156835
-0.000999999999999326 -0.100388886015445 -0.098403917737353 -0.552682034959546 281.207897692883 15314107.6889136
-0.00199999999999906 0.0351668178684395 0.0345576921605768 -0.607092935167116 280.926408305803 15324928.4865276
-0.00299999999999919 -0.0342364926227192 -0.0316161347119879 -0.785810556296965 280.644918918723 15310412.1027607
-0.00399999999999932 0.0134922045854943 0.0118381911033265 -0.894392138596827 280.363429531643 15309989.0209061
-0.00499999999999905 -0.0177768874617887 -0.0180192107538555 -1.05183074281867 280.081940144563 15300274.9999531
-0.00599999999999919 0.00171218615266601 0.00194276442385084 -1.17611388481086 279.800450757483 15296824.0310662
-0.00699999999999932 -0.00956041266674199 -0.00929211052783977 -1.31943762003483 279.518961370403 15289710.3661661
-0.00799999999999905 -0.00276399635911584 -0.00367835143559569 -1.45261251754868 279.237471983324 15284874.8114702
-0.00899999999999918 -0.00802311994355648 -0.005040719108266 -1.59415903971861 278.955982596244 15278644.7948759
-0.00999999999999931 -0.00301041636782152 -0.00453268224356399 -1.73114992885907 278.674493209164 15273187.4128795
-0.010999999999999 -0.00640043019300606 -0.00659095651061629 -1.87048146323869 278.393003822084 15267194.8166642
-0.0119999999999992 -0.00473048095162207 -0.0057137519117991 -2.00777935299992 278.111514435004 15261743.2936157
-0.0129999999999993 -0.00554241771632213 -0.00682312731587424 -2.14701968888559 277.830025047924 15256020.1759492
-0.013999999999999 -0.00524549727634619 -0.00473276234467046 -2.28392424710652 277.548535660844 15250573.1311169
-0.0149999999999992 -0.00602877821580166 -0.005275185015355 -2.42127971966067 277.267046273764 15244931.847538
-0.0159999999999993 -0.00593837331866145 -0.00583288032309105 -2.5594694515671 276.985556886684 15239642.1053271
-0.016999999999999 -0.00710234683348603 -0.00538482121125863 -2.69864259503388 276.704067499604 15234333.8632476
-0.0179999999999992 -0.00487733758581757 -0.00729996533438668 -2.83766671145462 276.422578112524 15228983.251151
-0.0189999999999993 -0.00753465895212971 -0.00556331100932229 -2.97597248867179 276.141088725444 15223676.6398488
-0.019999999999999 -0.00570345355806932 -0.00836420975975518 -3.11412748146735 275.859599338364 15218373.5102965
-0.0209999999999992 -0.00644413477230579 -0.00682152804713021 -3.25194497297315 275.578109951284 15213103.8742861
-0.0219999999999993 -0.00620260265469731 -0.00687678786958293 -3.39068842354126 275.296620564204 15207957.0566994
-0.022999999999999 -0.0081967971759822 -0.005796548616657 -3.52807385310503 275.015131177124 15202798.5240636
-0.0239999999999992 -0.00602595095545879 -0.00745854308978307 -3.66724624715782 274.733641790044 15197757.3580634
-0.0249999999999993 -0.00688460930123838 -0.00526650061192969 -3.80401171367683 274.452152402964 15192789.0677558
-0.025999999999999 -0.00667615681448768 -0.00638740205524686 -3.94328185122233 274.170663015884 15187650.9697751
-0.0269999999999992 -0.00627891075093085 -0.00702267540537177 -4.08147656166324 273.889173628804 15182564.4073054
-0.0279999999999993 -0.00696452079921813 -0.00795143232315689 -4.22100008948197 273.607684241724 15177638.4840119
-0.028999999999999 -0.00719821509007587 -0.00754316252849326 -4.35770875831374 273.326194854644 15172965.0801846
-0.0299999999999992 -0.00642057917459481 -0.00796756229663667 -4.49683813088576 273.044705467564 15168219.4893821
-0.0309999999999993 -0.00754984742032366 -0.00696899249830946 -4.63441630433129 272.763216080484 15163478.8124985
-0.031999999999999 -0.00652370448292298 -0.00600581971009977 -4.77044294897371 272.481726693404 15158833.50468
-0.0329999999999992 -0.00767163759833079 -0.00836698616790084 -4.90909527263256 272.200237306324 15153993.4065087
-0.0339999999999993 -0.00695092046896478 -0.00751376283129879 -5.04625580618746 271.918747919244 15149431.0466395
-0.034999999999999 -0.00984106401140829 -0.00722336582534194 -5.18527336231827 271.637258532165 15144828.6845047
-0.0359999999999992 -0.00742000370201962 -0.00823761772477579 -5.32060122599133 271.355769145085 15140379.7606706
-0.0369999999999993 -0.008362385635491 -0.00784583335158714 -5.4572848189299 271.074279758005 15135987.6002374
-0.0379999999999992 -0.00948992400499823 -0.00658602126284865 -5.59255294790573 270.792790370925 15131537.7908804
-0.0389999999999991 -0.00621841600807232 -0.0101433929286418 -5.72989466923706 270.511300983845 15127075.5635809
-0.0399999999999993 -0.00764090916833091 -0.0068980421978909 -5.86610628828715 270.229811596765 15122836.6755717
-0.0409999999999992 -0.00869923150613174 -0.00895242083460395 -6.00454436692721 269.948322209685 15118603.2287298
-0.0419999999999991 -0.00975554683153868 -0.00657728063376165 -6.13920656471414 269.666832822605 15114483.4757012
-0.0429999999999993 -0.00811543597694816 -0.00905504641987073 -6.27468607110285 269.385343435525 15110291.2917371
-0.0439999999999992 -0.00927934777143694 -0.00924189414303235 -6.40852600236933 269.103854048445 15106141.6163231
-0.0449999999999991 -0.00881890658037397 -0.00851977747969732 -6.54398563268424 268.822364661365 15102046.6605047
-0.0459999999999993 -0.00908626426162413 -0.00893841370433759 -6.68052832935245 268.540875274285 15097987.4161149
-0.0469999999999992 -0.00917826971975531 -0.00880200581718266 -6.81567777484409 268.259385887205 15093993.5594988
-0.0479999999999991 -0.00841626259980518 -0.00984337052768961 -6.94974818098666 267.977896500125 15089970.9406264
-0.0489999999999993 -0.00942150473847838 -0.00912047931209672 -7.0827585340742 267.696407113045 15086163.7442382
-0.0499999999999992 -0.00952751713509688 -0.0110548570629575 -7.21820278861124 267.414917725965 15082281.9662129
-0.0509999999999991 -0.0105819730785469 -0.00891064335710248 -7.35100950971597 267.133428338885 15078752.0231565
-0.0519999999999993 -0.00866951054882116 -0.00873294173979757 -7.48263533235399 266.851938951805 15075075.1430074
-0.0529999999999992 -0.00983867872844608 -0.0107731129416888 -7.61590481877823 266.570449564725 15071434.4315327
-0.0539999999999991 -0.0110150045837702 -0.00867559725939337 -7.74839141708644 266.288960177645 15067681.4525512
-0.0549999999999993 -0.0102808288758252 -0.011051942776505 -7.88042682849668 266.007470790565 15063999.8949466
-0.0559999999999992 -0.010903179409254 -0.011009108955596 -8.01049145405963 265.725981403485 15060581.148222
-0.0569999999999991 -0.0105712374568265 -0.0108736097251439 -8.14261714153958 265.444492016405 15057310.3595645
-0.0579999999999993 -0.00934553791671068 -0.0117241348303929 -8.27463284509921 265.163002629325 15054027.85698
-0.0589999999999992 -0.0134504269535925 -0.0107384991389185 -8.40395038030402 264.881513242245 15050698.5245029
-0.0599999999999991 -0.0105826004186101 -0.0122439689845453 -8.53226945977511 264.600023855165 15047527.9457712
-0.0609999999999993 -0.012079991773653 -0.00981514278189147 -8.66119520615825 264.318534468085 15044329.7323446
-0.0619999999999992 -0.0117429957860415 -0.0116894983247652 -8.7928817933668 264.037045081006 15040920.6535705
-0.0629999999999991 -0.0116401241951067 -0.0121666280060239 -8.92087574811913 263.755555693926 15037961.9274646
-0.0639999999999993 -0.0130009294508082 -0.0110766988656604 -9.04656724817927 263.474066306846 15035171.3538452
-0.0649999999999994 -0.0111994532680356 -0.012937915224546 -9.17497837553363 263.192576919766 15032171.5884608
-0.0659999999999991 -0.0124012030752047 -0.0109400059215409 -9.30187975129697 262.911087532686 15029167.5810421
-0.0669999999999993 -0.0128886592378118 -0.0127765066772941 -9.42872162080474 262.629598145606 15026297.248618
-0.0679999999999994 -0.0101698225922314 -0.0131160987728201 -9.55270064756931 262.348108758526 15023548.0663097
-0.0689999999999991 -0.0152978461579736 -0.0121628861213518 -9.68043003754414 262.066619371446 15020749.7791405
-0.0699999999999992 -0.011208010817191 -0.0145879404034107 -9.80538095005618 261.785129984366 15018212.9390736
-0.0709999999999994 -0.0125953756286603 -0.0144047407483232 -9.92994275078833 261.503640597286 15015527.6570851
-0.0719999999999991 -0.0144792883443299 -0.011386198562632 -10.0535647122315 261.222151210206 15012996.6820884
-0.0729999999999992 -0.0137757541749278 -0.0152842948903008 -10.1753324044671 260.940661823126 15010220.2080222
-0.0739999999999994 -0.0128491754146402 -0.013217692282615 -10.2975726020387 260.659172436046 15007921.2953322
-0.0749999999999991 -0.0150495739339544 -0.0142846716676226 -10.4209302929152 260.377683048966 15005598.8067496
-0.0759999999999992 -0.012948666112062 -0.0138568499706186 -10.5406124460032 260.096193661886 15003443.8951694
-0.0769999999999994 -0.0147392540112586 -0.0136305783962466 -10.6603596903249 259.814704274806 15001152.4157889
-0.0779999999999991 -0.0143765110089892 -0.0142470913953434 -10.779883407081 259.533214887726 14998914.6567406
-0.0789999999999992 -0.0136449101893977 -0.0160689984516777 -10.8998981998895 259.251725500646 14996673.9405038
-0.0799999999999994 -0.0179155403699628 -0.0136197146290121 -11.0192931725796 258.970236113566 14994586.0869378
-0.0809999999999991 -0.0138019009979592 -0.014715921285776 -11.1362782244816 258.688746726486 14992804.7203797
-0.0819999999999992 -0.0137454276529907 -0.0181016003709248 -11.2533048869879 258.407257339406 14990778.5474523
-0.0829999999999994 -0.0157547643381774 -0.0166872773918085 -11.369103987786 258.125767952326 14988938.6302938
-0.0839999999999991 -0.0162661363476771 -0.0152365010054587 -11.4842928028139 257.844278565246 14987016.88391
-0.0849999999999992 -0.0162305745027469 -0.0145499505628309 -11.5994652545002 257.562789178166 14985116.6033826
-0.0859999999999994 -0.0160432730299344 -0.0172260944263893 -11.7130273979124 257.281299791086 14983511.7270834
-0.0869999999999991 -0.0157687696651223 -0.0179839064652983 -11.8272126699241 256.999810404006 14981995.7929953
-0.0879999999999992 -0.0177734060456112 -0.015772921732026 -11.9380756975069 256.718321016926 14980499.8817257
-0.0889999999999994 -0.017256944767994 -0.0175314546896033 -12.0500757050618 256.436831629846 14978993.428687
-0.0899999999999991 -0.0146706727056145 -0.0188032766875801 -12.161021202646 256.155342242767 14977637.5116257
-0.0909999999999992 -0.0198857182566492 -0.0154583024009202 -12.2712686101298 255.873852855687 14976180.4412543
-0.0919999999999992 -0.0170454308191895 -0.0170390295467309 -12.3802764780189 255.592363468607 14975017.3874655
-0.0929999999999992 -0.0146958741779295 -0.0196349029784882 -12.4872534087331 255.310874081527 14973859.8288285
-0.0939999999999992 -0.0181458530479781 -0.0167321865299183 -12.5946843964178 255.029384694447 14972632.4603142
-0.0949999999999993 -0.0151329638510589 -0.0192489949961286 -12.7029650849708 254.747895307367 14971383.415179
-0.0959999999999992 -0.0197694686680158 -0.0156698849667526 -12.8062945371018 254.466405920287 14970243.8349153
-0.0969999999999992 -0.0186765588519672 -0.0181306149912173 -12.912232197195 254.184916533207 14969312.9207837
-0.0979999999999993 -0.0183846387980126 -0.0207034599980334 -13.0156872547995 253.903427146127 14968565.3047833
-0.0989999999999992 -0.0209951445555206 -0.0168369605239816 -13.1168895532101 253.621937759047 14967747.8402115
-0.0999999999999992 -0.0181310829541525 -0.0194705053980031 -13.2197202640955 253.340448371967 14966949.6813232
-0.100999999999999 -0.0172359950799474 -0.0222796640528306 -13.3191793152847 253.058958984887 14966318.8583101
-0.101999999999999 -0.0227087258742728 -0.0202088076851392 -13.4199376510675 252.777469597807 14965725.4054487
-0.102999999999999 -0.0195234037459375 -0.0203401367091393 -13.5178811754151 252.495980210727 14965219.2341391
-0.103999999999999 -0.0173543846226699 -0.020564378251165 -13.615566233553 252.214490823647 14964719.5163986
-0.104999999999999 -0.0202410411624123 -0.0187813600747255 -13.7112295900732 251.933001436567 14964040.2599733
-0.105999999999999 -0.0218860229632711 -0.0204034359748377 -13.8080083087731 251.651512049487 14963625.5736999
-0.106999999999999 -0.0203611876540788 -0.0232783653990275 -13.9022932150353 251.370022662407 14963368.3021984
-0.107999999999999 -0.0204810846018857 -0.0225127842196945 -13.9955557416192 251.088533275327 14963279.8185182
-0.108999999999999 -0.0235107946945398 -0.0195960698544155 -14.0878222675526 250.807043888247 14963212.657044
-0.109999999999999 -0.0207649230398904 -0.0221954910843335 -14.179131344717 250.525554501167 14963185.037486
-0.110999999999999 -0.0209711378812757 -0.0220562918186734 -14.2693473002597 250.244065114087 14963170.1543666
-0.111999999999999 -0.0222940452432848 -0.0234727878448404 -14.359471252306 249.962575727007 14963195.7904414
-0.112999999999999 -0.0231648203460776 -0.0236546309328197 -14.4475645882881 249.681086339927 14963448.5172995
-0.113999999999999 -0.0232160074798121 -0.0216562259302653 -14.5334392635106 249.399596952847 14963746.5501566
-0.114999999999999 -0.0213564243251809 -0.0251153481168821 -14.6178963887392 249.118107565768 14963904.5377408
-0.115999999999999 -0.0246297953688081 -0.0220649598803377 -14.7038541095303 248.836618178688 14964257.4506237
-0.116999999999999 -0.0250592518526509 -0.024459987646991 -14.7876176039773 248.555128791608 14964608.7805588
-0.117999999999999 -0.0236798265904082 -0.0238519655105312 -14.8680317560808 248.273639404528 14965287.6571745
-0.118999999999999 -0.0250632960820012 -0.024194567969158 -14.947745012154 247.992150017448 14965830.0596836
-0.119999999999999 -0.0233788879139875 -0.0259744369494531 -15.029116457196 247.710660630368 14966421.2403683
-0.120999999999999 -0.0256229396988314 -0.0228385097011514 -15.1070929243971 247.429171243288 14967143.1563719
-0.121999999999999 -0.0252426722339947 -0.0253807725012676 -15.1839551999027 247.147681856208 14968002.6365491
-0.122999999999999 -0.0263315262281279 -0.0258042115724792 -15.2583436956533 246.866192469128 14968874.6690782
-0.123999999999999 -0.0261838422891117 -0.0264659951699946 -15.3339093597764 246.584703082048 14969760.1684466
-0.124999999999999 -0.026275200758207 -0.0257424921875783 -15.4073471040289 246.303213694968 14970812.5025379
-0.125999999999999 -0.0278125293778741 -0.0271215860683958 -15.4791373479303 246.021724307888 14971843.0301493
-0.126999999999999 -0.0268578279575135 -0.0270772943155603 -15.550910826668 245.740234920808 14973058.5170363
-0.127999999999999 -0.02705072289551 -0.0270153568199614 -15.6186903327332 245.458745533728 14974359.3687843
-0.128999999999999 -0.0272034218753966 -0.0293016239399361 -15.6874335200917 245.177256146648 14975606.1938441
-0.129999999999999 -0.0281655151198404 -0.0277644118593655 -15.7541235894207 244.895766759568 14977188.0075379
-0.130999999999999 -0.0294376043451883 -0.0278103474913641 -15.8183007359569 244.614277372488 14978534.1433751
-0.131999999999999 -0.026637042303289 -0.0292651788506068 -15.8817730750764 244.332787985408 14980112.5483348
-0.132999999999999 -0.0268171683007944 -0.0308955530400779 -15.9456465098133 244.051298598328 14981791.4171485
-0.133999999999999 -0.0314073541150008 -0.0273336778053497 -16.0071452458261 243.769809211248 14983378.0068416
-0.134999999999999 -0.0291272390990027 -0.0318275273158159 -16.0649228582505 243.488319824168 14985118.3134297
-0.135999999999999 -0.0287233853745088 -0.0314698901723691 -16.1253887266552 243.206830437088 14986978.9129195
-0.136999999999999 -0.0312222839397855 -0.0293345682101169 -16.1817210422988 242.925341050008 14989021.216211
-0.137999999999999 -0.0309965918135581 -0.0299975474955981 -16.2345054726976 242.643851662928 14991092.9284652
-0.138999999999999 -0.030492997299786 -0.0332994371329198 -16.2880477839291 242.362362275848 14993157.4090466
-0.139999999999999 -0.0307461698443927 -0.0314526979442532 -16.3405870498202 242.080872888768 14995400.5732201
-0.140999999999999 -0.030511041564051 -0.0321549261492358 -16.3919104248471 241.799383501688 14997616.4643749
-0.141999999999999 -0.0323256154774634 -0.0328263540780512 -16.4407417803717 241.517894114609 14999980.5907798
-0.142999999999999 -0.0323470990009429 -0.0335077233952841 -16.4836424481331 241.236404727529 15002518.5317386
-0.143999999999999 -0.0323014601286525 -0.0344627738662839 -16.5301842104037 240.954915340449 15005033.4845819
-0.144999999999999 -0.0369476672420585 -0.0308662497337423 -16.5717993325829 240.673425953369 15007680.1805159
-0.145999999999999 -0.0330250998445121 -0.0355155968095375 -16.6091364821899 240.391936566289 15010621.2004871
-0.146999999999999 -0.032883844502444 -0.0342536024908744 -16.6483038614655 240.110447179209 15013568.1541367
-0.147999999999999 -0.0382872607136923 -0.0330771825437359 -16.6825606164792 239.828957792129 15016537.966993
-0.148999999999999 -0.0353616584826453 -0.0365866772706927 -16.716008626937 239.547468405049 15019718.8608201
-0.149999999999999 -0.0364916881387904 -0.0366361172502015 -16.7420736791174 239.265979017969 15023104.5565639
-0.150999999999999 -0.0368758990279629 -0.0381317075570532 -16.7674012602183 238.984489630889 15026619.8633835
-0.151999999999999 -0.0403595458078544 -0.0348481146117308 -16.7844792476427 238.703000243809 15030526.54062
-0.152999999999999 -0.0382044454613871 -0.0401672856906409 -16.7953717890561 238.421510856729 15034569.8000292
-0.153999999999999 -0.0383060290630102 -0.0413469692371683 -16.8036167164284 238.140021469649 15038936.6428848
-0.154999999999999 -0.0412141838086351 -0.0428405845905557 -16.8034023241291 237.858532082569 15043513.8350097
-0.155999999999999 -0.0454538788977554 -0.0389447627296662 -16.790737981668 237.577042695489 15048763.4718714
-0.156999999999999 -0.0469911392301132 -0.0462368341307394 -16.7663820284828 237.295553308409 15054287.9278373
-0.157999999999999 -0.0448763201925625 -0.048135220457173 -16.735452029315 237.014063921329 15060489.5425334
-0.158999999999999 -0.0546723734185622 -0.0482011483200739 -16.6819091830275 236.732574534249 15067330.8254223
-0.159999999999999 -0.054194124572667 -0.0555481341846869 -16.6068796534487 236.451085147169 15075164.6977073
-0.160999999999999 -0.0572861014382554 -0.0606823530942388 -16.5099515296073 236.169595760089 15084121.2564201
-0.161999999999999 -0.0594439982500418 -0.0670436670903671 -16.375812257954 235.888106373009 15094549.5203985
-0.162999999999999 -0.0698603402474395 -0.0714972489523364 -16.2060618785807 235.606616985929 15106468.762756
-0.163999999999999 -0.0810658069781907 -0.0788371865714629 -15.987157916503 235.325127598849 15120220.5477445
-0.164999999999999 -0.0849037905265971 -0.082296574488987 -15.7478393574046 235.043638211769 15135403.842333
-0.165999999999999 -0.0914982521774168 -0.0972704392764246 -15.4715982693528 234.762148824689 15152030.4822093
-0.166999999999999 -0.102896232535521 -0.100543190873565 -15.1648590474162 234.480659437609 15170622.2826602
-0.167999999999999 -0.112710745380225 -0.106665587420157 -14.8374341761167 234.199170050529 15190789.9704658
-0.168999999999999 -0.118356689305684 -0.11895184543093 -14.4895209372752 233.917680663449 15212139.4654855
-0.169999999999999 -0.133478575159919 -0.13450742513174 -14.1112730494249 233.63619127637 15236008.5925862
-0.170999999999999 -0.154580989009046 -0.153436114332516 -13.6778329761487 233.35470188929 15262857.4734884
-0.171999999999999 -0.178005434641051 -0.177673945127007 -13.1797417590405 233.07321250221 15293194.6814846
-0.172999999999999 -0.18809453467329 -0.195285529246515 -12.6459275509198 232.79172311513 15326668.0003743
-0.173999999999999 -0.213068535182879 -0.20590646383119 -12.0318651663671 232.51023372805 15362670.4268311
-0.174999999999999 -0.224070551948614 -0.21128585743604 -11.3577832890798 232.22874434097 15400490.6345406
-0.175999999999999 -0.207145815575879 -0.210298671268813 -10.6454492662328 231.94725495389 15437678.7450921
-0.176999999999999 -0.194593977959726 -0.195103980104658 -9.90264779042034 231.66576556681 15472423.7019118
-0.177999999999999 -0.167343156652236 -0.166730464301544 -9.1511440430355 231.38427617973 15503527.6139816
-0.178999999999999 -0.15265701614725 -0.133648646102952 -8.4031413821863 231.10278679265 15529891.7585353
-0.179999999999999 -0.132730489090531 -0.105632885087604 -7.67860961099478 230.82129740557 15551745.1775142
-0.180999999999999 -0.106102965153132 -0.088826926783006 -6.99223083481589 230.53980801849 15569167.2451778
-0.181999999999999 -0.0894569424773771 -0.070096414631059 -6.36626653688796 230.25831863141 15581848.0922125
-0.182999999999999 -0.073770991054712 -0.0526773880906682 -5.81895926844727 229.97682924433 15590375.9697284
-0.183999999999999 -0.0593708980248006 -0.0397814437379216 -5.34140352488428 229.69533985725 15595267.0470666
-0.184999999999999 -0.0510696494912146 -0.0279624992979786 -4.94276021149452 229.41385047017 15596976.1211656
-0.185999999999999 -0.038882674845822 -0.0236845927551487 -4.60593684448522 229.13236108309 15596450.2581847
-0.186999999999999 -0.0338121243486848 -0.021114577394213 -4.33662922004823 228.85087169601 15593128.6133488
-0.187999999999999 -0.0362672676750592 -0.0163647680432668 -4.11494530507427 228.56938230893 15588515.6834634
-0.188999999999999 -0.025056295474348 -0.015204874038622 -3.93497274041987 228.28789292185 15583578.7066845
-0.189999999999999 -0.024456347325396 -0.0174808410806772 -3.79561919546281 228.00640353477 15576959.2453687
-0.190999999999999 -0.0223982638463324 -0.0180362496033157 -3.67748355962595 227.72491414769 15570139.5733397
-0.191999999999999 -0.023985934194444 -0.0187613986488986 -3.58241109993599 227.44342476061 15563303.2691362
-0.192999999999999 -0.0166072090607275 -0.0192661077050059 -3.50880538500693 227.16193537353 15556865.6076943
-0.193999999999999 -0.0216978901547051 -0.014387877866958 -3.45797108240386 226.88044598645 15550459.3463288
-0.194999999999999 -0.0225635052052214 -0.0192355617466518 -3.4121357780213 226.59895659937 15544080.8997006
-0.195999999999999 -0.0169062270738372 -0.0232710359047837 -3.36995023986586 226.31746721229 15538262.5115317
-0.196999999999999 -0.0220434594230101 -0.0216911388639963 -3.35356168028378 226.035977825211 15532737.381238
-0.197999999999999 -0.0220040163906027 -0.024968203108513 -3.3363400673501 225.754488438131 15527522.4839823
-0.198999999999999 -0.0211576409209026 -0.0215918677299062 -3.33317375580878 225.472999051051 15522993.8058943
-0.199999999999999 -0.0304987032274307 -0.024545530622358 -3.33179124222078 225.191509663971 15518251.2369487
-0.200999999999999 -0.0217828112582269 -0.0243641949278165 -3.33260695938392 224.910020276891 15515063.4105807
-0.201999999999999 -0.026373722064549 -0.0310177852786878 -3.33956182906014 224.628530889811 15511452.9843586
-0.202999999999999 -0.032054388089847 -0.0293907345079261 -3.35113645202456 224.347041502731 15508459.6944925
-0.203999999999999 -0.0327202137077925 -0.0267052969218062 -3.36520863971904 224.065552115651 15505946.1473652
-0.204999999999999 -0.029080731745979 -0.0280223661554503 -3.38120640997596 223.784062728571 15503694.7902711
-0.205999999999999 -0.0344758031529877 -0.0324598216900766 -3.40183852494813 223.502573341491 15501179.8475136
-0.206999999999999 -0.0297854896720883 -0.0311202293116382 -3.41711107298955 223.221083954411 15499063.9081969
-0.207999999999999 -0.0384226938801614 -0.0294916717895393 -3.43838780143988 222.939594567331 15496416.619992
-0.208999999999999 -0.0341477677165513 -0.0311796119400768 -3.45078013733143 222.658105180251 15494793.7865704
-0.209999999999999 -0.0346165855845838 -0.0309325287821252 -3.45776130782908 222.376615793171 15493308.1376195
-0.210999999999999 -0.0334067594911602 -0.029266826138522 -3.48628211500677 222.095126406091 15491336.4571645
-0.211999999999999 -0.0345636340039935 -0.0286409016058082 -3.5093802839629 221.813637019011 15489204.3239984
-0.212999999999999 -0.0358027094727436 -0.0353100625629131 -3.53067872082836 221.532147631931 15486934.9204958
-0.213999999999999 -0.0285425989703739 -0.0344043212305038 -3.55563268818588 221.250658244851 15485274.9496461
-0.214999999999999 -0.0359440039939149 -0.0324044255967915 -3.57339034280958 220.969168857771 15483163.1919551
-0.215999999999999 -0.036198316819215 -0.0290566781944447 -3.59661735770512 220.687679470691 15481406.5891578
-0.216999999999999 -0.0370033464851368 -0.033627338125251 -3.61975228381246 220.406190083611 15479511.2562882
-0.217999999999999 -0.0322718636878132 -0.0381500564147045 -3.64258308507755 220.124700696531 15477689.2744446
-0.218999999999999 -0.0357959121250679 -0.0310404079609873 -3.66821854253191 219.843211309451 15476017.0715685
-0.219999999999999 -0.0405992453306595 -0.0349435344526726 -3.68755241905304 219.561721922371 15474548.8202424
-0.220999999999999 -0.0348903420297969 -0.0337137549252911 -3.70102584326902 219.280232535291 15473461.6839392
-0.221999999999999 -0.0335147390699328 -0.0317327709569371 -3.72746944431711 218.998743148211 15471756.5483245
-0.222999999999999 -0.0416932297512688 -0.0331948152610239 -3.74481092018446 218.717253761131 15470330.1159596
-0.223999999999999 -0.0370275603363629 -0.034041881627987 -3.76807029144793 218.435764374051 15468592.220434
-0.224999999999999 -0.0367693718674499 -0.0385761877175497 -3.78444581926695 218.154274986972 15467489.1657346
-0.225999999999999 -0.0393887954286856 -0.0306058496676037 -3.80199358701391 217.872785599892 15466015.6532519
-0.226999999999999 -0.0345104675412679 -0.037200496476011 -3.82329622944806 217.591296212812 15464902.1133092
-0.227999999999999 -0.0368432766258849 -0.0334350161769588 -3.83859770920504 217.309806825732 15463867.2871582
-0.228999999999999 -0.0372726182798617 -0.0396364432760078 -3.85652613410964 217.028317438652 15461956.7297847
-0.229999999999999 -0.0446601100622033 -0.034791582049064 -3.87135221571648 216.746828051572 15461099.7756477
-0.230999999999999 -0.0354219096732933 -0.0356978637735708 -3.88386124075138 216.465338664492 15460328.2512746
-0.231999999999999 -0.0360215452830857 -0.043819700829462 -3.90321825504088 216.183849277412 15459118.9264325
-0.232999999999999 -0.0380144983483372 -0.0368303315571165 -3.91594415290563 215.902359890332 15458447.4295704
-0.233999999999999 -0.0406260186154287 -0.0348755333009428 -3.93840956900225 215.620870503252 15457174.6487031
-0.234999999999999 -0.0399905298932237 -0.03930549558757 -3.95702823842652 215.339381116172 15456288.7315517
-0.235999999999999 -0.0338703341045077 -0.0405958446072104 -3.98327450337797 215.057891729092 15454970.7624088
-0.236999999999999 -0.041877387237736 -0.0395473812470691 -3.99587272547891 214.776402342012 15453810.2014564
-0.237999999999999 -0.0389213269659162 -0.0358005293314656 -4.0084971155334 214.494912954932 15453270.0773372
-0.238999999999999 -0.0416732749757791 -0.0383109314852116 -4.02352512018859 214.213423567852 15452723.4047652
-0.239999999999999 -0.0366759185818726 -0.0457923104810556 -4.03485832989845 213.931934180772 15451479.6276391
-0.240999999999999 -0.0490267683122128 -0.0337758120610925 -4.05069482415763 213.650444793692 15450797.5590073
-0.241999999999999 -0.0365844249676934 -0.0423485446540183 -4.05838786402016 213.368955406612 15450294.0211798
-0.242999999999999 -0.0370245429253736 -0.0425471535242642 -4.06949786981201 213.087466019532 15449734.4953233
-0.243999999999999 -0.0435597287984359 -0.0413787482414922 -4.0911387895657 212.805976632452 15448597.1207632
-0.244999999999999 -0.0429507068294397 -0.0388674062592984 -4.10712989893794 212.524487245372 15447800.8378309
-0.245999999999999 -0.0439679375308466 -0.0389487038079858 -4.11809985268265 212.242997858292 15446885.8279987
-0.246999999999999 -0.0414923340793893 -0.0455778043560076 -4.12351750256201 211.961508471212 15446559.1479635
-0.247999999999999 -0.0421873390857423 -0.0415560613860389 -4.1366509602185 211.680019084132 15445939.6773706
-0.248999999999999 -0.0437364823993754 -0.0442604696214912 -4.14354334502404 211.398529697052 15445406.3763921
-0.249999999999999 -0.042596927577301 -0.0351495334960495 -4.1592705003047 211.117040309972 15444820.1664975
-0.250999999999999 -0.0395685524550798 -0.0430449428425958 -4.16461029101507 210.835550922892 15444338.151651
-0.251999999999999 -0.0410682214754766 -0.041244433626329 -4.17425538393362 210.554061535813 15443786.1719516
-0.252999999999999 -0.0497383355425793 -0.0439566576837575 -4.1818112449353 210.272572148733 15443178.3054279
-0.253999999999999 -0.04210255903321 -0.0436512054850999 -4.19042697197864 209.991082761653 15443193.069011
-0.254999999999999 -0.0400960033039755 -0.0435764034938933 -4.19999193454072 209.709593374573 15442558.8634412
-0.255999999999999 -0.0430962806754025 -0.0431674742977808 -4.20296668197595 209.428103987493 15442147.1964065
-0.256999999999999 -0.0455057215216374 -0.0410829888102283 -4.21233350883962 209.146614600413 15441757.2430684
-0.257999999999999 -0.0517584782586019 -0.0405224000110624 -4.22236150514972 208.865125213333 15441245.5431674
-0.258999999999999 -0.0467172061955097 -0.0375482503071332 -4.22919430700064 208.583635826253 15441396.0569389
-0.259999999999999 -0.0465879533937998 -0.0471537984818075 -4.23424265473018 208.302146439173 15440993.7991791
-0.260999999999999 -0.0459917836074297 -0.0416840591992596 -4.23072934866793 208.020657052093 15441225.0128537
-0.261999999999999 -0.0473763343165569 -0.0465193878104972 -4.23529195208859 207.739167665013 15441073.8806459
-0.262999999999999 -0.0456980964234816 -0.0437847189149013 -4.23807482037332 207.457678277933 15440783.6332617
-0.263999999999999 -0.0479395472789573 -0.045999550391108 -4.24213434473651 207.176188890853 15440813.9004947
-0.264999999999999 -0.0457239973864537 -0.0434654551463333 -4.25129928505132 206.894699503773 15440777.2932958
-0.265999999999999 -0.0500638816428559 -0.0444423318666445 -4.25394161418783 206.613210116693 15440599.9704865
-0.266999999999999 -0.0410834400530288 -0.0481808775313169 -4.25821625826512 206.331720729613 15440498.2135047
-0.267999999999999 -0.050876292874226 -0.042680981448499 -4.2619648186152 206.050231342533 15440197.6646011
-0.268999999999999 -0.0511238352983755 -0.0463524372222335 -4.26178481296857 205.768741955453 15440335.8185639
-0.269999999999999 -0.0467611280050055 -0.0440216819217183 -4.2634244808941 205.487252568373 15440361.9675317
-0.270999999999999 -0.0469789745249741 -0.048430800572651 -4.25457881402444 205.205763181293 15440473.4293197
-0.271999999999999 -0.0441787531539894 -0.0499277655254098 -4.255310938328 204.924273794213 15440496.0533574
-0.272999999999999 -0.0499786962541825 -0.0448825463738057 -4.25747099621972 204.642784407133 15440703.5891582
-0.273999999999999 -0.0492018035687128 -0.0506438057113659 -4.25200148601055 204.361295020053 15440742.3650829
-0.274999999999999 -0.0435738511663799 -0.0450081945138669 -4.25894355960777 204.079805632973 15440863.5909622
-0.275999999999999 -0.0475749650308148 -0.0488243617080157 -4.2668076373382 203.798316245893 15440487.1754766
-0.276999999999999 -0.0475275671967413 -0.0457223850284894 -4.26076482031507 203.516826858813 15440780.4637876
-0.277999999999999 -0.0543034935140897 -0.047871152287302 -4.2669553613624 203.235337471733 15440908.1398903
-0.278999999999999 -0.0492618676867129 -0.0435702734795198 -4.26506831772878 202.953848084653 15441459.675012
-0.279999999999999 -0.0446632411725778 -0.0484486645949258 -4.27159761573615 202.672358697574 15441302.830989
-0.280999999999999 -0.047485663802966 -0.0513663686444343 -4.27504494771497 202.390869310494 15441067.3870791
-0.281999999999999 -0.0463830044477109 -0.0517125316399911 -4.27222090310183 202.109379923414 15441229.6362046
-0.282999999999999 -0.0518590369381305 -0.0484752623631393 -4.27350930595506 201.827890536334 15441362.1894852
-0.283999999999999 -0.0482676992560945 -0.0569415678227019 -4.27266569872589 201.546401149254 15441600.2931723
-0.284999999999999 -0.0500962770248748 -0.0481635233631613 -4.26407030447557 201.264911762174 15442061.9444121
-0.285999999999999 -0.0468366602280354 -0.0539656685994355 -4.26401382704425 200.983422375094 15442086.2909697
-0.286999999999999 -0.0505625744576658 -0.052901962778429 -4.25914740396969 200.701932988014 15442365.6933137
-0.287999999999999 -0.0549748452413806 -0.0468316165675162 -4.25912049479096 200.420443600934 15443051.8031436
-0.288999999999999 -0.0476964165073761 -0.054495569935321 -4.25865083706515 200.138954213854 15443213.6814196
-0.289999999999999 -0.0491986245029038 -0.0512565148646211 -4.25676037657362 199.857464826774 15443148.4533204
-0.290999999999999 -0.0477177999834616 -0.0535085178953572 -4.25608355890962 199.575975439694 15443446.5722827
-0.291999999999999 -0.0525057967989548 -0.0481334451915227 -4.25061174551749 199.294486052614 15443781.90869
-0.292999999999999 -0.0527180480909148 -0.0468190007416532 -4.25471792135198 199.012996665534 15443385.4218701
-0.293999999999999 -0.0532759457516696 -0.0494282379355467 -4.25783861265865 198.731507278454 15443689.8933011
-0.294999999999999 -0.0529686023655912 -0.0510771594146725 -4.2560312592373 198.450017891374 15443880.1453998
-0.295999999999999 -0.0530717524604517 -0.0515710009333874 -4.25742304355825 198.168528504294 15444091.1386541
-0.296999999999999 -0.0500083073505485 -0.0534103723326958 -4.2454020316617 197.887039117214 15444713.2146593
-0.297999999999999 -0.0533465808079555 -0.0479564602276514 -4.24357920223158 197.605549730134 15444914.1780393
-0.299 -0.0518290954322524 -0.0510638593299516 -4.23954106900028 197.324060343054 15445052.5140179
-0.299999999999999 -0.0484536861616589 -0.0471409156666562 -4.24971578429874 197.042570955974 15445018.6034863
-0.300999999999999 -0.0586745429816624 -0.0507253512719219 -4.24957153648359 196.761081568894 15444886.2015366
-0.301999999999999 -0.0507221673094025 -0.0507854592938473 -4.26006636986899 196.479592181814 15445102.008853
-0.302999999999999 -0.0540489991789031 -0.0481179167195531 -4.25944630486866 196.198102794734 15444991.7482003
-0.303999999999999 -0.0510747930692464 -0.0499201889200969 -4.25888557019661 195.916613407654 15445328.0539106
-0.304999999999999 -0.0539125261312565 -0.0534832145638449 -4.26419279057827 195.635124020574 15444920.7292987
-0.305999999999999 -0.0533546528348538 -0.0516904878204465 -4.27005283751845 195.353634633494 15445128.0338433
-0.306999999999999 -0.0544042718554244 -0.0522268841893978 -4.27230924715069 195.072145246415 15445143.1039631
-0.307999999999999 -0.0535684224412697 -0.0555488188720851 -4.26294793237078 194.790655859335 15445954.0690852
-0.308999999999999 -0.0557207347976466 -0.0511376136947961 -4.26360689326924 194.509166472255 15446337.9025338
-0.309999999999999 -0.0556088720123491 -0.0524548735235904 -4.26073736487196 194.227677085175 15446602.9284996
-0.310999999999999 -0.0546648884388744 -0.0533155037708082 -4.2610284648689 193.946187698095 15446952.5426107
-0.311999999999999 -0.0576485926254023 -0.0509089068664447 -4.25944292725167 193.664698311015 15447333.5322721
-0.312999999999999 -0.0585400283933272 -0.0489967286584216 -4.25501444580049 193.383208923935 15447671.0108839
-0.314 -0.0524649413375372 -0.05498179852441 -4.25911450640165 193.101719536855 15447951.6332912
-0.314999999999999 -0.0547823111966797 -0.0572891960293237 -4.25794545781236 192.820230149775 15447911.4245083
-0.315999999999999 -0.061421818237043 -0.0552907922969359 -4.25452761843598 192.538740762695 15448161.2069432
-0.317 -0.0515715428387295 -0.0511804991853229 -4.25770909084304 192.257251375615 15448934.9456265
-0.317999999999999 -0.05558925779342 -0.0553448021852867 -4.26024870318916 191.975761988535 15448802.1023909
-0.318999999999999 -0.056160532153868 -0.0534543787848523 -4.2594460238161 191.694272601455 15449290.5210499
-0.32 -0.0561529732315257 -0.0587088846260974 -4.26007278372747 191.412783214375 15449271.254567
-0.320999999999999 -0.0571302268047045 -0.0557956252420978 -4.24995216557591 191.131293827295 15449708.7487213
-0.321999999999999 -0.057750136490504 -0.0540637396596269 -4.25066325363733 190.849804440215 15450169.2738706
-0.323 -0.0530183801445719 -0.0576901490809835 -4.25078255361712 190.568315053135 15450331.6066523
-0.323999999999999 -0.0540342467138192 -0.0572167376706524 -4.25016653577075 190.286825666055 15450441.7731741
-0.324999999999999 -0.0592196306482659 -0.0535380190159985 -4.24541033353638 190.005336278975 15451026.08634
-0.326 -0.0544106449546062 -0.0551264303196503 -4.24083200930423 189.723846891895 15451224.8492478
-0.326999999999999 -0.0590023248868046 -0.0565222258775944 -4.24111929548652 189.442357504815 15451398.3913546
-0.327999999999999 -0.0533237214990269 -0.0585382254453395 -4.24455671558527 189.160868117735 15451455.8067207
-0.329 -0.056154835933948 -0.058786972015606 -4.2483606109369 188.879378730655 15451521.6445685
-0.329999999999999 -0.0550819157318951 -0.062708474904432 -4.24460948621157 188.597889343575 15452019.4633071
-0.330999999999999 -0.0576252702170054 -0.0544271446567466 -4.23299736965349 188.316399956495 15452774.8498489
-0.331999999999999 -0.0625362343658778 -0.0549588914514513 -4.24113726070283 188.034910569415 15452613.6786743
-0.332999999999999 -0.0590203392725317 -0.0575596166540925 -4.23583973111249 187.753421182336 15453103.1446133
-0.333999999999999 -0.0564292306291111 -0.058204542185702 -4.22699209831289 187.471931795256 15453653.988683
-0.334999999999999 -0.0584415043029177 -0.0563302510430728 -4.22844763571188 187.190442408176 15453680.9183722
-0.335999999999999 -0.0618735845687432 -0.0592241061443815 -4.22115998545721 186.908953021096 15454164.0867069
-0.336999999999999 -0.0569401720631965 -0.0579985117364363 -4.22433497681799 186.627463634016 15454366.6954848
-0.337999999999999 -0.0626212833989022 -0.0571830987677637 -4.22458318168259 186.345974246936 15454671.6172929
-0.338999999999999 -0.0589191775952241 -0.0546116265689416 -4.22537492610415 186.064484859856 15455081.9122963
-0.339999999999999 -0.059694262494774 -0.0600716776672978 -4.22408056608966 185.782995472776 15455259.7341228
-0.340999999999999 -0.0638767153856175 -0.0584701899581725 -4.22307865253968 185.501506085696 15455368.5085737
-0.341999999999999 -0.0599769939211718 -0.0583855174381208 -4.2183699760913 185.220016698616 15456110.6645972
-0.343 -0.0574293173233042 -0.0584074826304488 -4.21933428157367 184.938527311536 15456235.8582707
-0.343999999999999 -0.0595230876399022 -0.0616418686791538 -4.21541686910188 184.657037924456 15456225.4860494
-0.344999999999999 -0.059625615402466 -0.0589215962400541 -4.21141942275899 184.375548537376 15456585.2746355
-0.345999999999999 -0.0598024808222941 -0.0621091468611046 -4.21194955242774 184.094059150296 15456664.079653
-0.346999999999999 -0.0594127571525046 -0.0607606568288323 -4.21357156122657 183.812569763216 15456852.0603909
-0.347999999999999 -0.0629941396399357 -0.0611910193496423 -4.20641348323532 183.531080376136 15457366.1032346
-0.349 -0.061640475028262 -0.0581724354848125 -4.21231901535226 183.249590989056 15457568.7876863
-0.349999999999999 -0.0642504229279748 -0.0549512244812479 -4.20559667853177 182.968101601976 15457909.6525676
-0.350999999999999 -0.0625930589311371 -0.0619523961969969 -4.20928400624532 182.686612214896 15457938.4230024
-0.352 -0.0620889474228827 -0.0620274933743063 -4.20518257297678 182.405122827816 15457770.955252
-0.352999999999999 -0.0648286772807164 -0.0567350416616329 -4.20055124084582 182.123633440736 15458375.3683275
-0.353999999999999 -0.0654413604108673 -0.0628274250664237 -4.19744776571081 181.842144053656 15458879.520652
-0.354999999999999 -0.0616804317149496 -0.0669314167354235 -4.19086655980759 181.560654666576 15459386.8735468
-0.355999999999999 -0.0636368916325472 -0.0633088711086182 -4.18444652550969 181.279165279496 15459839.7567011
-0.356999999999999 -0.067512370996342 -0.059485800545868 -4.18507055471092 180.997675892416 15460283.0909402
-0.358 -0.0623558888357545 -0.0646036968303681 -4.17996807375055 180.716186505336 15460480.437265
-0.358999999999999 -0.0628937974109887 -0.0601657806654209 -4.18051278741351 180.434697118256 15460598.6330602
-0.359999999999999 -0.0553348471164185 -0.0669613027701087 -4.18205281094256 180.153207731177 15460657.474788
-0.361 -0.0703444786222238 -0.058440583262437 -4.17946352347975 179.871718344097 15460998.8694657
-0.361999999999999 -0.0607985888536608 -0.06182515862308 -4.17701830719212 179.590228957017 15461392.5719303
-0.362999999999999 -0.0696063534482608 -0.060885797111232 -4.16888434626212 179.308739569937 15461670.2010926
-0.363999999999999 -0.0651339265859181 -0.0624841663202219 -4.17112334217681 179.027250182857 15461699.31905
-0.364999999999999 -0.0657816063106516 -0.0620040556113059 -4.17335904121891 178.745760795777 15461991.5033638
-0.365999999999999 -0.0637312048940074 -0.061898128610601 -4.17160086023262 178.464271408697 15462154.0395172
-0.366999999999999 -0.0715843215611198 -0.0620955011729331 -4.16830817684898 178.182782021617 15462544.8773944
-0.367999999999999 -0.0654263193778722 -0.0654398056874767 -4.1648036706296 177.901292634537 15462955.6078355
-0.368999999999999 -0.0665636801677756 -0.0629691539044901 -4.16097233257445 177.619803247457 15463469.792506
-0.369999999999999 -0.0646261230039158 -0.0648239219540306 -4.16436084028532 177.338313860377 15463690.6704478
-0.370999999999999 -0.0645983425665045 -0.0682966617970608 -4.16437623720698 177.056824473297 15463669.6181018
-0.372 -0.0618103713279381 -0.0664349040396517 -4.16550207080927 176.775335086217 15464150.3891924
-0.372999999999999 -0.0633457963339974 -0.0693621223364048 -4.16543708326034 176.493845699137 15463864.0624956
-0.373999999999999 -0.0637631952035842 -0.0611411037518317 -4.16804062486387 176.212356312057 15464367.3202297
-0.374999999999999 -0.0681406050431147 -0.0670458055834126 -4.17223231039545 175.930866924977 15463949.7726434
-0.376 -0.0677177228746801 -0.0723514222584878 -4.16831218600036 175.649377537897 15464353.775864
-0.376999999999999 -0.067434879786069 -0.0674232891724535 -4.15605391019957 175.367888150817 15465461.8746174
-0.377999999999999 -0.0639738072832845 -0.0715998195615704 -4.16145067643325 175.086398763737 15465486.3581973
-0.379 -0.066085068063303 -0.0696306456182744 -4.15748130116498 174.804909376657 15465901.1510662
-0.379999999999999 -0.0710877633789333 -0.0665454050467812 -4.15635556414901 174.523419989577 15466311.045404
-0.381 -0.0692812927007786 -0.0642192485858235 -4.15131172707587 174.241930602497 15466631.5525787
-0.382 -0.0683987264575947 -0.0689919854633056 -4.15742625400873 173.960441215417 15466534.5494527
-0.382999999999999 -0.0680490974506504 -0.0712054913950701 -4.15042856735825 173.678951828337 15467064.4007805
-0.383999999999999 -0.0660171588461235 -0.0717615730987697 -4.15124641113271 173.397462441257 15467323.7984516
-0.385 -0.0675841214308842 -0.0692117190036032 -4.14934843486526 173.115973054177 15467696.005111
-0.385999999999999 -0.0704445391432015 -0.0674675665517414 -4.14923512402244 172.834483667097 15467943.4587984
-0.387 -0.066825202848221 -0.0751919266170658 -4.14567350867442 172.552994280017 15468045.7471253
-0.388 -0.0676276372730385 -0.0719376900511557 -4.13949606088097 172.271504892938 15468496.2788304
-0.388999999999999 -0.0726045717195314 -0.0680983911502157 -4.13022492164266 171.990015505858 15469467.2603894
-0.39 -0.0686148040432971 -0.0696343542585284 -4.1340283266784 171.708526118778 15469448.248633
-0.390999999999999 -0.0719986005560786 -0.0696040572278802 -4.12583467152268 171.427036731698 15469837.5396874
-0.391999999999999 -0.070736011354505 -0.0715964576856417 -4.12545391494256 171.145547344618 15470168.3348032
-0.393 -0.0698319277109674 -0.0748968863426121 -4.12558080383047 170.864057957538 15470363.9475482
-0.393999999999999 -0.0694602110421645 -0.0715695649181654 -4.12604116628878 170.582568570458 15470676.481143
-0.394999999999999 -0.068673072299542 -0.0706531868315195 -4.12690616208777 170.301079183378 15470921.5083842
-0.396 -0.0680747820978089 -0.0735749717574647 -4.12771984006667 170.019589796298 15470790.7111407
-0.396999999999999 -0.0706458674525264 -0.072269402776567 -4.12782787984965 169.738100409218 15470953.0455142
-0.397999999999999 -0.0715789894468428 -0.0692058057382183 -4.13180130317012 169.456611022138 15471091.7634246
-0.399 -0.0738027780235395 -0.0664008598293327 -4.13448887007224 169.175121635058 15471269.5542054
-0.399999999999999 -0.0697567073076636 -0.0756697272928325 -4.13842403784274 168.893632247978 15471056.7847224
