# Fix print output for fix defprint
-6.05814417624087e-16 0.133537080035141 0.134418013213059 -0.274467636925394 469.148778958904 71063194.1348656
-0.00100000000000065 -0.0619005004372526 -0.063418627569057 -0.530804002910773 468.679630179945 70919622.4955083
-0.00200000000000069 0.00167531388564626 0.00305718539958234 -0.62753823925226 468.210481400986 70929446.4571736
-0.00300000000000062 -0.0150295918523752 -0.0168012368970487 -0.77533825918631 467.741332622027 70890863.8914761
-0.00400000000000066 -0.00992830436312928 -0.00889076887436207 -0.908006299271478 467.272183843068 70867152.5712712
-0.00500000000000058 -0.0120996351478199 -0.0119602687336471 -1.04710537074482 466.803035064109 70838293.4935876
-0.00600000000000063 -0.0120890887693473 -0.0104233034269384 -1.18430499399216 466.33388628515 70811258.1132533
-0.00700000000000067 -0.0119361247108331 -0.0117309000908547 -1.32200877251609 465.864737506191 70784082.5711229
-0.00800000000000071 -0.0121931743846617 -0.0123935815882412 -1.45972057310664 465.395588727232 70757199.4772224
-0.00900000000000064 -0.013083257872081 -0.0129811151138533 -1.59830498460606 464.926439948274 70730547.6532089
-0.0100000000000006 -0.0120471187561164 -0.0122802436311479 -1.73563937329039 464.457291169315 70704199.5244818
-0.0110000000000006 -0.0135967069645538 -0.0122019051877462 -1.87434406302451 463.988142390356 70677681.4501525
-0.0120000000000006 -0.0123330041685901 -0.014151926045313 -2.01274513098218 463.518993611397 70651581.6220248
-0.0130000000000007 -0.014361775234035 -0.0129766219809969 -2.15114745853525 463.049844832438 70625808.2957582
-0.0140000000000006 -0.0133296930309068 -0.0143492985688928 -2.28934244327635 462.580696053479 70600152.2148231
-0.0150000000000007 -0.0150909614804716 -0.0129214254863195 -2.42786562283316 462.11154727452 70574536.2922219
-0.0160000000000006 -0.0131109721465424 -0.0148354753379051 -2.5662630552404 461.642398495561 70549256.1774549
-0.0170000000000006 -0.0147442504806139 -0.0147189335844086 -2.70512378890545 461.173249716602 70524084.8357178
-0.0180000000000007 -0.0141810954840363 -0.0151493590454979 -2.84303790407742 460.704100937643 70499253.0178895
-0.0190000000000006 -0.0155815671675211 -0.0144771465725528 -2.98103682137909 460.234952158685 70474676.2093201
-0.0200000000000006 -0.015246987047035 -0.0159440036586429 -3.1200733370906 459.765803379726 70450090.267161
-0.0210000000000006 -0.0158898481516931 -0.0150347562546404 -3.25813375579236 459.296654600767 70425962.9227242
-0.0220000000000006 -0.0161409726420365 -0.0163232254157046 -3.3971878683963 458.827505821808 70401681.0173635
-0.0230000000000006 -0.0159627673718197 -0.0161209545567435 -3.5357199632469 458.358357042849 70377817.1414889
-0.0240000000000007 -0.0170704133595374 -0.0159285002389245 -3.67457417258418 457.88920826389 70354188.774383
-0.0250000000000006 -0.0163166239724801 -0.0173516778714 -3.81264814146816 457.420059484931 70330750.8896373
-0.0260000000000005 -0.0178678668523012 -0.0168205611681355 -3.9507550433643 456.950910705972 70307513.1055343
-0.0270000000000006 -0.0169982599633084 -0.0176965516043363 -4.08879898260086 456.481761927013 70284694.0162716
-0.0280000000000006 -0.0179110940674974 -0.0170297607790332 -4.22721500271087 456.012613148054 70261808.1576217
-0.0290000000000007 -0.0175263281236449 -0.0171958458027837 -4.3653967458463 455.543464369095 70239329.3421409
-0.0300000000000006 -0.0178970931462352 -0.0182735415514881 -4.50356427849771 455.074315590137 70216871.2597772
-0.0310000000000006 -0.0185300057418289 -0.018375033478697 -4.64148332107634 454.605166811178 70194631.9006699
-0.0320000000000006 -0.019139417590655 -0.0190961025184419 -4.77976987656979 454.136018032219 70172612.6516919
-0.0330000000000006 -0.0200176423419661 -0.0189832851176941 -4.91670548894804 453.66686925326 70151056.7450767
-0.0340000000000006 -0.0188733721128851 -0.0201286740959673 -5.05397937238294 453.197720474301 70129675.8872092
-0.0350000000000007 -0.0202411296040728 -0.0194177846022879 -5.19182110529231 452.728571695342 70108319.583015
-0.0360000000000006 -0.0195022949502762 -0.0205404952984762 -5.32925469811523 452.259422916383 70087292.9188534
-0.0370000000000005 -0.0205771961469447 -0.0213076445592116 -5.46652748769189 451.790274137424 70066465.5681866
-0.0380000000000006 -0.0205389719301446 -0.0207145723925347 -5.60316817721288 451.321125358465 70045924.6000636
-0.0390000000000006 -0.0211402793554959 -0.0213375486241662 -5.74003886761474 450.851976579506 70025580.9747804
-0.0400000000000007 -0.0216980284019016 -0.0209028931013023 -5.8762741062594 450.382827800548 70005310.9218445
-0.0410000000000006 -0.0213298227668545 -0.0222466562039762 -6.01279534362243 449.913679021589 69985343.8087254
-0.0420000000000006 -0.0223483866657008 -0.0217603047602362 -6.14881202966996 449.44453024263 69965425.2227863
-0.0430000000000006 -0.0229222675944084 -0.0220148514912896 -6.28500719034173 448.975381463671 69945953.5502928
-0.0440000000000006 -0.0226763481368448 -0.0232423527585947 -6.4206197965697 448.506232684712 69926988.5970253
-0.0450000000000006 -0.0234296163527589 -0.023259315737631 -6.55649914616236 448.037083905753 69908142.7073764
-0.0460000000000006 -0.0229012337591847 -0.0240617797478972 -6.69095669037313 447.567935126794 69889731.1381411
-0.0470000000000006 -0.0237671697814723 -0.0236953225132822 -6.82591710433334 447.098786347835 69871400.381326
-0.0480000000000005 -0.0240649944961744 -0.0241404064124271 -6.96027204133417 446.629637568876 69853077.8006763
-0.0490000000000006 -0.0244799493673607 -0.0247169781688045 -7.09475793044746 446.160488789917 69834954.8979903
-0.0500000000000006 -0.0250801466387855 -0.0249325169376496 -7.22853015878075 445.691340010959 69817067.6042909
-0.0510000000000007 -0.025511284564456 -0.0254138932235427 -7.36285570663351 445.222191232 69799769.4842051
-0.0520000000000006 -0.0258163439968757 -0.0259145782862928 -7.49544644075625 444.753042453041 69782669.5880561
-0.0530000000000006 -0.0267623507618454 -0.0257034080616876 -7.62926304582316 444.283893674082 69765764.0405321
-0.0540000000000006 -0.0269363538696408 -0.0260253090632875 -7.7615671230493 443.814744895123 69749181.6637461
-0.0550000000000006 -0.0267894670108569 -0.0269254090590879 -7.89321535954182 443.345596116164 69732501.9819283
-0.0560000000000006 -0.0271192837714318 -0.0268333330689979 -8.02556380524786 442.876447337205 69716117.5653585
-0.0570000000000006 -0.0269283007526881 -0.0276605742260208 -8.15699381767861 442.407298558246 69700002.9882084
-0.0580000000000006 -0.027856660608905 -0.0275630554142521 -8.28705044732163 441.938149779287 69684392.137021
-0.0590000000000005 -0.0287974093305298 -0.0281028243296117 -8.41817320712373 441.469001000328 69668978.7563166
-0.0600000000000006 -0.0285806575384002 -0.0285409990191256 -8.54891657071552 440.99985222137 69653952.50165
-0.0610000000000006 -0.0286590592884066 -0.0291083987029694 -8.67842073818616 440.530703442411 69638874.2187631
-0.0620000000000007 -0.0292137629300187 -0.029362536926183 -8.80789678966732 440.061554663452 69623988.2319276
-0.0630000000000006 -0.0301672354735853 -0.029389231463471 -8.93639483000798 439.592405884493 69609494.559981
-0.0640000000000006 -0.0306714479233827 -0.0308560899184647 -9.06488327702674 439.123257105534 69595244.4415943
-0.0650000000000005 -0.031000447086734 -0.0305749170813116 -9.19291646942509 438.654108326575 69581591.7286104
-0.0660000000000006 -0.0309861959651914 -0.0308277449323636 -9.3194664012733 438.184959547616 69568101.0019765
-0.0670000000000006 -0.0319192487369201 -0.0314698896422501 -9.44679427557805 437.715810768657 69554502.2885229
-0.0680000000000006 -0.0311942447163683 -0.0320238591582651 -9.57281792842587 437.246661989698 69541111.3614289
-0.0690000000000006 -0.0325839737385219 -0.0325437277056338 -9.69868516673934 436.777513210739 69528155.7468222
-0.0700000000000005 -0.0330738979396362 -0.0333092114749216 -9.82402943236776 436.30836443178 69515730.8552444
-0.0710000000000006 -0.0337930069922408 -0.0335346432038749 -9.94913736394313 435.839215652822 69503498.7232651
-0.0720000000000006 -0.0336044096931186 -0.0345695886885264 -10.0729389610039 435.370066873863 69491486.276752
-0.0730000000000005 -0.0336172050313937 -0.0358046249826407 -10.1959831071035 434.900918094904 69479982.4296974
-0.0740000000000006 -0.0349372930543044 -0.0349932788331898 -10.3180079573146 434.431769315945 69468631.9316163
-0.0750000000000006 -0.0351832030924838 -0.0357459453730952 -10.4408575947008 433.962620536986 69457366.768466
-0.0760000000000006 -0.0367530488828666 -0.0355435438475313 -10.5625063191628 433.493471758027 69446457.1328749
-0.0770000000000006 -0.0364416494531052 -0.0363156538013143 -10.6832562675611 433.024322979068 69435930.1924454
-0.0780000000000006 -0.0364508592987495 -0.0378767256082293 -10.8032242802461 432.555174200109 69425320.4901744
-0.0790000000000006 -0.0375217661983763 -0.0376634743973896 -10.9218938090583 432.08602542115 69415230.4613631
-0.0800000000000006 -0.0379482504633788 -0.0378843062605633 -11.0413726764003 431.616876642191 69405305.9963633
-0.0810000000000005 -0.0378702576951186 -0.038374137542568 -11.1599341743891 431.147727863233 69395892.0552978
-0.0820000000000006 -0.0390256380809886 -0.038811416488748 -11.2769990667316 430.678579084274 69386760.5062446
-0.0830000000000006 -0.0398068803910197 -0.0395348126435122 -11.3939062944738 430.209430305315 69377910.7853915
-0.0840000000000005 -0.040358484024041 -0.0405278163159053 -11.5101606539625 429.740281526356 69369273.1178991
-0.0850000000000006 -0.0409099390200399 -0.0405153208377653 -11.6252417850226 429.271132747397 69361024.0237747
-0.0860000000000005 -0.0409010618215543 -0.0416406514696867 -11.7396845946545 428.801983968438 69353095.9066128
-0.0870000000000005 -0.041714470023181 -0.0416451523521612 -11.8529154439178 428.332835189479 69345445.4163964
-0.0880000000000006 -0.0416296848539979 -0.0428283294341302 -11.9657057283308 427.86368641052 69337952.5195707
-0.0890000000000006 -0.0428443746359314 -0.0428373894366256 -12.0779838190941 427.394537631561 69330799.0341285
-0.0900000000000006 -0.0429744121561108 -0.0429902734746073 -12.18922963823 426.925388852602 69323659.5760664
-0.0910000000000006 -0.0435892983816272 -0.0438064690772448 -12.2991565787033 426.456240073643 69317058.100162
-0.0920000000000005 -0.0451629206763879 -0.0440417662433971 -12.4093828863686 425.987091294685 69310792.5709766
-0.0930000000000006 -0.0454994505335658 -0.0452121939781753 -12.5176258927839 425.517942515726 69304832.1449759
-0.0940000000000006 -0.0456153201311514 -0.0464835230002625 -12.6249175000385 425.048793736767 69299177.0596647
-0.0950000000000005 -0.0465458212711661 -0.0462488547305278 -12.7320209422476 424.579644957808 69294016.4652042
-0.0960000000000006 -0.0472460468479314 -0.0467195285475962 -12.8384786890426 424.110496178849 69288930.4397236
-0.0970000000000005 -0.0476387373745683 -0.0475937665304181 -12.9426165593977 423.64134739989 69284138.3738293
-0.0980000000000005 -0.0483453871266256 -0.048441616771313 -13.0471822552834 423.172198620931 69279721.007481
-0.0990000000000006 -0.048727726356349 -0.0489704252873092 -13.1506101481843 422.703049841972 69275580.4986445
-0.100000000000001 -0.0488085709005068 -0.0499319461459696 -13.2526003324091 422.233901063013 69271638.9774273
-0.101000000000001 -0.0507340097147675 -0.0502047348120775 -13.3540326730984 421.764752284054 69268224.7631568
-0.102000000000001 -0.0496411254386678 -0.0516837543202737 -13.4539052114292 421.295603505096 69265128.8437989
-0.103000000000001 -0.0519658811447897 -0.0512078965991418 -13.5538585935498 420.826454726137 69262217.4397337
-0.104000000000001 -0.0518979020329654 -0.0515950971611447 -13.6522404246679 420.357305947178 69259692.3517828
-0.105000000000001 -0.0519014959081456 -0.0527924346884214 -13.7492994734316 419.888157168219 69257443.9996305
-0.106000000000001 -0.053667946158919 -0.0529659098095007 -13.8454053974284 419.41900838926 69255611.2855372
-0.107000000000001 -0.0544028891771527 -0.0532367376421787 -13.9403409297988 418.949859610301 69253994.0293479
-0.108 -0.0544222688416559 -0.0554187060404349 -14.0346543019197 418.480710831342 69252690.1814251
-0.109000000000001 -0.0560722441149194 -0.0553041375832889 -14.1277296883267 418.011562052383 69251787.0088033
-0.110000000000001 -0.0566852238565962 -0.056141130043952 -14.2189820654903 417.542413273424 69251154.834589
-0.111000000000001 -0.0563124870881117 -0.0577792654912103 -14.3102954874818 417.073264494465 69250865.4192926
-0.112000000000001 -0.0583741493862076 -0.0570386089670417 -14.3988645816731 416.604115715507 69250984.5792003
-0.113 -0.0574550623490223 -0.0586588975909604 -14.4880484572906 416.134966936548 69251339.260383
-0.114000000000001 -0.0589688255238249 -0.0591233431341955 -14.5757749876617 415.665818157589 69251984.8654984
-0.115000000000001 -0.0605544515618963 -0.0591724334085622 -14.6618697071963 415.19666937863 69252994.701793
-0.116000000000001 -0.0596176063079399 -0.0614483396785684 -14.7473111644435 414.727520599671 69254276.6560338
-0.117000000000001 -0.0619278146779171 -0.0603695123350943 -14.8310785066478 414.258371820712 69255981.9758881
-0.118000000000001 -0.0623824468058967 -0.0619001354770188 -14.9140293218685 413.789223041753 69257955.2451211
-0.119 -0.0612049321021453 -0.0633912635352587 -14.9957760950588 413.320074262794 69260386.9250809
-0.120000000000001 -0.0642218771841212 -0.0629838313752774 -15.0756541496985 412.850925483835 69262899.5424626
-0.121000000000001 -0.0651744033139813 -0.0646588470510698 -15.1544025345188 412.381776704876 69265995.573414
-0.122000000000001 -0.0647614989226805 -0.0656027260015581 -15.2321651551916 411.912627925917 69269421.0309405
-0.123000000000001 -0.0668653574777543 -0.0655200957230396 -15.3092476786102 411.443479146959 69273010.217428
-0.124 -0.0669698277473232 -0.0667758857089393 -15.3841483123685 410.974330368 69277100.725062
-0.125000000000001 -0.0672012740757249 -0.0677912494654214 -15.4581915076734 410.505181589041 69281481.8055263
-0.126000000000001 -0.0679874497724907 -0.0686611617011115 -15.5313844779317 410.036032810082 69286095.0109651
-0.127000000000001 -0.0704561232672503 -0.0686315543753415 -15.6030806033348 409.566884031123 69291075.7959442
-0.128000000000001 -0.0692306715436351 -0.0705618672454166 -15.673438895689 409.097735252164 69296443.1825279
-0.129000000000001 -0.0706123518521811 -0.0714405453541259 -15.7421550974591 408.628586473205 69302175.1334511
-0.130000000000001 -0.0715790039718435 -0.0714983365448465 -15.8098286778063 408.159437694246 69308277.5650108
-0.131000000000001 -0.0725339703984961 -0.0720720060548287 -15.8758364757856 407.690288915287 69314771.1240947
-0.132000000000001 -0.0731552474635291 -0.0738291909865725 -15.9405988142802 407.221140136328 69321517.9557552
-0.133000000000001 -0.0744759281471737 -0.0739704337732151 -16.0036164058758 406.75199135737 69328585.1375905
-0.134000000000001 -0.0753052546216896 -0.0742697538237747 -16.0655883733361 406.282842578411 69336115.3400277
-0.135000000000001 -0.0749884622827493 -0.0771808537201988 -16.1267328984473 405.813693799452 69343801.6236073
-0.136000000000001 -0.07728070424204 -0.0777013821355185 -16.185045843372 405.344545020493 69352021.6066198
-0.137000000000001 -0.0783375659360998 -0.0777099178035582 -16.2426093527515 404.875396241534 69360578.9766032
-0.138 -0.0788961321341973 -0.0791835646896608 -16.2980956815036 404.406247462575 69369697.8315344
-0.139000000000001 -0.0785283714275553 -0.0803558765856136 -16.3528764142464 403.937098683616 69379007.3895073
-0.140000000000001 -0.0815839973058483 -0.080360349000739 -16.4056728291108 403.467949904657 69388629.6437355
-0.141 -0.0822066796019181 -0.0816681286271735 -16.4572617668657 402.998801125698 69398700.427733
-0.142000000000001 -0.0814781676973579 -0.0838316297569529 -16.5058301690505 402.529652346739 69409365.1035366
-0.143000000000001 -0.083437486073276 -0.0837400227252365 -16.5536522361418 402.06050356778 69420216.7514759
-0.144 -0.0859080625828978 -0.0840927713438067 -16.5981759841891 401.591354788822 69431682.7830563
-0.145000000000001 -0.0856980662804649 -0.0869723273717563 -16.6418895201848 401.122206009863 69443661.9993059
-0.146 -0.0876981706397802 -0.0869666132443904 -16.6835663993771 400.653057230904 69456003.8411645
-0.147000000000001 -0.089801510897831 -0.08780825824591 -16.7203713807787 400.183908451945 69468881.802795
-0.148000000000001 -0.0905793063412248 -0.0898719387920574 -16.7559510002239 399.714759672986 69482545.1439138
-0.149 -0.0905510664215723 -0.0926491556667001 -16.7885067012088 399.245610894027 69496630.715275
-0.150000000000001 -0.093645249467385 -0.0915744069516992 -16.8191875382064 398.776462115068 69511440.654185
-0.151000000000001 -0.0946793953812006 -0.0951401513210337 -16.8445422691529 398.307313336109 69527110.0473917
-0.152 -0.0954801004771331 -0.098509668877819 -16.8663738146093 397.83816455715 69543450.8550578
-0.153000000000001 -0.100743482686732 -0.097510232112465 -16.8820277665589 397.369015778191 69561032.7355648
-0.154000000000001 -0.101758818786108 -0.10183223689792 -16.8912303739375 396.899866999233 69579837.1204496
-0.155 -0.103737357047092 -0.104823685635624 -16.8949699712971 396.430718220274 69599894.2132018
-0.156000000000001 -0.107568453693148 -0.108237208682691 -16.8891788022354 395.961569441315 69621509.4133636
-0.157 -0.114074922745971 -0.110793928748641 -16.8721535011091 395.492420662356 69645155.4550213
-0.158000000000001 -0.117247507050478 -0.117058568073532 -16.8425463704804 395.023271883397 69671485.1278157
-0.159000000000001 -0.123205855737499 -0.126833245306039 -16.7948339576855 394.554123104438 69700501.4728788
-0.16 -0.131290400178391 -0.131271574487192 -16.7323374547757 394.084974325479 69732993.5382619
-0.161000000000001 -0.141390149446146 -0.138446336202622 -16.647032263851 393.61582554652 69769446.4731634
-0.162000000000001 -0.152093410579688 -0.151956323130341 -16.531233722707 393.146676767561 69810643.9988431
-0.163 -0.164439460391321 -0.167016342911419 -16.3828786464917 392.677527988602 69858159.3360405
-0.164000000000001 -0.181843096335053 -0.182470194682043 -16.1956238739685 392.208379209644 69912390.1246696
-0.165 -0.199207447741081 -0.199300964714798 -15.9695779330012 391.739230430685 69974022.1755827
-0.166000000000001 -0.215066859852632 -0.216791162830327 -15.7151489371269 391.270081651726 70042485.2994127
-0.167000000000001 -0.232610787166423 -0.232542633588594 -15.4370550265041 390.800932872767 70117569.3175953
-0.168 -0.250626730662815 -0.251110726920359 -15.1356980984154 390.331784093808 70198928.1127308
-0.169000000000001 -0.269757006471645 -0.271162672301973 -14.8164041649307 389.862635314849 70287010.5733695
-0.170000000000001 -0.294127617004723 -0.296561648979968 -14.4703350953292 389.39348653589 70382903.6569452
-0.171 -0.330992270133999 -0.328088742310028 -14.0840809557834 388.924337756931 70488974.3304061
-0.172000000000001 -0.370776688177446 -0.37269342004741 -13.6440467637682 388.455188977972 70607668.1566407
-0.173000000000001 -0.420249616622165 -0.417034923617463 -13.1452566474217 387.986040199013 70740397.2245035
-0.174 -0.464327460852703 -0.464795767251548 -12.5757872301764 387.516891420054 70886548.8989162
-0.175000000000001 -0.49621285645811 -0.498018559372035 -11.9455188329032 387.047742641096 71043727.6994706
-0.176 -0.511104425387008 -0.515857938428211 -11.2559677958564 386.578593862137 71206094.3353326
-0.177 -0.503505044948834 -0.508306914616948 -10.516556152681 386.109445083178 71367920.3927507
-0.178000000000001 -0.47790307210681 -0.487731991171747 -9.73442310076732 385.640296304219 71523648.3217997
-0.179 -0.439075743662239 -0.448168542421037 -8.9349604791042 385.17114752526 71668395.6550905
-0.18 -0.389583863233393 -0.402218949904708 -8.13859130855363 384.701998746301 71799101.9372871
-0.181000000000001 -0.338465805668404 -0.346720804002169 -7.37064972905731 384.232849967342 71912646.6854327
-0.182 -0.289727068512365 -0.293198599590711 -6.65608544369585 383.763701188383 72007966.7243447
-0.183000000000001 -0.239045667410587 -0.244928989089824 -6.01883026051175 383.294552409424 72084123.8768833
-0.184000000000001 -0.191136524639868 -0.197564263906531 -5.46667545786981 382.825403630465 72140629.8412366
-0.185 -0.151661631301039 -0.151725889056922 -4.99730188845955 382.356254851507 72177731.0526631
-0.186000000000001 -0.117856246246894 -0.118255170592373 -4.61481293204153 381.887106072548 72196488.5317084
-0.187 -0.0938869084034549 -0.0945660587618661 -4.29984157302156 381.417957293589 72200081.7154261
-0.188000000000001 -0.0747383836364334 -0.0755942477699479 -4.04836659162943 380.94880851463 72191967.9363095
-0.189000000000001 -0.0584520738826269 -0.0636099027952091 -3.85396129041868 380.479659735671 72172626.4841459
-0.19 -0.0541272544121957 -0.0522542835191864 -3.6930874234041 380.010510956712 72147165.7669713
-0.191000000000001 -0.0474984272516577 -0.0483959015650929 -3.57525721529155 379.541362177753 72115846.4104883
-0.192 -0.0427071400263786 -0.0474910008462212 -3.48457917096513 379.072213398794 72083046.91651
-0.193 -0.0441467234754402 -0.0442652406914745 -3.41186241340652 378.603064619835 72050449.3997329
-0.194000000000001 -0.0421584558447098 -0.0440658046476681 -3.36011248627636 378.133915840876 72015911.854507
-0.195 -0.0477390539439469 -0.044365447428597 -3.32051026619581 377.664767061918 71981837.7827418
-0.196 -0.0448032742092615 -0.0472952225212896 -3.29050060599118 377.195618282959 71949591.5329469
-0.197000000000001 -0.0482221369630974 -0.0494205575453971 -3.27373868802429 376.726469504 71919193.1984087
-0.198 -0.0480670923260887 -0.0518459284207191 -3.26612040034713 376.257320725041 71889705.1911635
-0.199 -0.0546487765239292 -0.0526672580490494 -3.26528229246777 375.788171946082 71861726.282367
-0.200000000000001 -0.055944157851421 -0.0559230788803432 -3.26722902818299 375.319023167123 71836224.7281335
-0.201 -0.0578648568964749 -0.0603722889176974 -3.27872322705444 374.849874388164 71812021.4248072
-0.202000000000001 -0.0633423882578078 -0.0637826278665315 -3.29217332127998 374.380725609205 71790278.9580346
-0.203 -0.0641062588893128 -0.0699371074485702 -3.30729339629981 373.911576830246 71771574.6966035
-0.204 -0.0686882931264365 -0.0731055890981603 -3.32639416600009 373.442428051287 71754668.5699412
-0.205000000000001 -0.0747658486328765 -0.0737017786318546 -3.34615253283377 372.973279272328 71739881.301995
-0.206 -0.0773864911815137 -0.0780481393052529 -3.36969627267841 372.50413049337 71727355.2910308
-0.207 -0.0776400325835872 -0.0805293343037771 -3.39355754055437 372.034981714411 71715741.1529893
-0.208000000000001 -0.0802764819859862 -0.0836565469309305 -3.41441270002346 371.565832935452 71705291.4555613
-0.209 -0.0826621031272471 -0.0816852321165871 -3.44091231589203 371.096684156493 71695349.2390689
-0.21 -0.0815469572969808 -0.0813001205363463 -3.46360622673538 370.627535377534 71685121.4935142
-0.211 -0.0831636329670574 -0.0820951614214262 -3.4872748249559 370.158386598575 71674810.4150246
-0.212 -0.0842531717767403 -0.0845683675480838 -3.51046689305211 369.689237819616 71664590.3979722
-0.213 -0.0838789818878712 -0.0869783620732853 -3.53399349593598 369.220089040657 71655506.7895068
-0.214 -0.0854034392701416 -0.0857808424159365 -3.55989693788771 368.750940261698 71646421.4040129
-0.215 -0.0848690925562082 -0.0868080308651393 -3.58434713131347 368.281791482739 71637563.5753175
-0.216 -0.0872921987453604 -0.0875874062918509 -3.60456891763709 367.812642703781 71629181.7509672
-0.217 -0.0841505185011382 -0.0908978309739379 -3.6309714049745 367.343493924822 71620828.9242837
-0.218 -0.08769279367653 -0.0887153799713975 -3.65371430033245 366.874345145863 71612879.3225946
-0.219 -0.0883696975846474 -0.0876822049675346 -3.67957876272965 366.405196366904 71604747.4935244
-0.22 -0.0902950478008116 -0.0872474822233631 -3.70132288482481 365.936047587945 71597029.2630719
-0.221 -0.0913431349908972 -0.088993085795563 -3.72470153416527 365.466898808986 71588969.8816951
-0.222000000000001 -0.0894525248901706 -0.0912573282008831 -3.74969747428285 364.997750030027 71582123.8527375
-0.223 -0.0905735936198207 -0.0921162329488402 -3.7712944914372 364.528601251068 71574728.5448576
-0.224000000000001 -0.0899104571632471 -0.0917112411335084 -3.79800745344976 364.059452472109 71567079.7323043
-0.225 -0.0929355202330021 -0.0915160745986067 -3.81950460174043 363.59030369315 71560116.458747
-0.226 -0.0917017184295322 -0.0927176593270751 -3.84318234165062 363.121154914191 71553719.6334105
-0.227000000000001 -0.0922431956645579 -0.0923718707023802 -3.86473243371267 362.652006135233 71546278.9596333
-0.228 -0.0962184635041453 -0.093074575374384 -3.88765279094342 362.182857356274 71539462.9334749
-0.229 -0.091935606784796 -0.0957069287200944 -3.91004166370837 361.713708577315 71533747.5619142
-0.23 -0.0938887427817675 -0.0961329531820184 -3.93374316359766 361.244559798356 71526972.1419024
-0.231 -0.0939407733370845 -0.0985079679487098 -3.95175969314738 360.775411019397 71521399.8881446
-0.232 -0.0985994977075042 -0.0979368553785671 -3.96884638304169 360.306262240438 71516083.2567072
-0.233000000000001 -0.0964538362479376 -0.0980210249936084 -3.98889733871967 359.837113461479 71511191.7445796
-0.234 -0.0959306738923143 -0.0989801548507239 -4.01019405604109 359.36796468252 71505489.182306
-0.235 -0.095970863977678 -0.100778295145628 -4.02724047637395 358.898815903561 71500241.2318297
-0.236 -0.100786456785662 -0.0978527175621702 -4.04539723309131 358.429667124602 71495752.6039476
-0.237 -0.0989314640235555 -0.102467565560057 -4.06055271906596 357.960518345644 71491465.1380849
-0.238000000000001 -0.100225879293641 -0.102155546192227 -4.07448573673225 357.491369566685 71487742.1011243
-0.239 -0.101894247932294 -0.103198868546782 -4.09190745633445 357.022220787726 71483395.4860661
-0.24 -0.101362793394639 -0.0995616653131941 -4.10788357636363 356.553072008767 71479587.4117559
-0.241 -0.101206899111472 -0.103306076595329 -4.12495039925682 356.083923229808 71475131.0052594
-0.242 -0.0995867374749372 -0.102949706041685 -4.1421802872329 355.614774450849 71470462.4191591
-0.243 -0.102901368574238 -0.103639210937627 -4.1588157837927 355.14562567189 71466709.9966969
-0.244 -0.10458036029014 -0.104128519337829 -4.16993380052123 354.676476892931 71462910.9110999
-0.245 -0.102403686618269 -0.105738760081098 -4.18757628699527 354.207328113972 71459525.4164145
-0.246 -0.104701688817606 -0.106756442482987 -4.19723748248497 353.738179335013 71456486.1022704
-0.247 -0.107040615012313 -0.106427130275186 -4.20764981743352 353.269030556055 71453713.8748161
-0.248 -0.107563364715398 -0.10612358298554 -4.21854180026041 352.799881777096 71450904.8904803
-0.249 -0.104854713652814 -0.109048023234509 -4.22943212113834 352.330732998137 71448048.2850362
-0.25 -0.107358450574958 -0.108737940051214 -4.23664557914012 351.861584219178 71446217.2520211
-0.251 -0.106793075173047 -0.108347056141026 -4.24812135581867 351.392435440219 71443561.9227506
-0.252 -0.107249404082765 -0.11187844701829 -4.25483543995214 350.92328666126 71440939.1472618
-0.253 -0.109111738164815 -0.10870634463103 -4.26621127991711 350.454137882301 71439019.862723
-0.254000000000001 -0.1079083188148 -0.110647594499858 -4.27542810115219 349.984989103342 71436946.6051635
-0.255 -0.108773760265206 -0.113520447772968 -4.28144432545492 349.515840324383 71435193.8607513
-0.256 -0.110590979741602 -0.1121246405989 -4.29212718676355 349.046691545424 71433462.5032381
-0.257 -0.110701476298652 -0.114731693735766 -4.2964640211952 348.577542766466 71432129.8060471
-0.258 -0.112443066961235 -0.111720740653165 -4.30373655181606 348.108393987507 71430674.2405469
-0.259 -0.114730385092626 -0.114189345195605 -4.30701904403796 347.639245208548 71429662.9201119
-0.260000000000001 -0.113940342043914 -0.111958973567073 -4.31274676122776 347.170096429589 71428530.7594232
-0.261 -0.116379382698502 -0.113700371055714 -4.31487409497861 346.70094765063 71427689.5741934
-0.262 -0.117387922126856 -0.114124522447167 -4.31932808668954 346.231798871671 71426986.9564562
-0.263 -0.115826285601325 -0.114331361485845 -4.32450773937925 345.762650092712 71426029.9930912
-0.264 -0.115272430769479 -0.116184809372064 -4.33011812310439 345.293501313753 71425339.4251098
-0.265 -0.115667965926568 -0.119675335350466 -4.33363168941065 344.824352534794 71424840.6981778
-0.266 -0.11852537353908 -0.115970918365191 -4.33758202056439 344.355203755835 71424608.1355793
-0.267 -0.117650690917868 -0.116541421436806 -4.34026870376463 343.886054976876 71424084.4835617
-0.268 -0.117010907608977 -0.119271769682071 -4.34301235566542 343.416906197918 71423162.2480392
-0.269 -0.117749986342064 -0.119219445414976 -4.34583155058976 342.947757418959 71423009.4215599
-0.27 -0.119580654563604 -0.118776316894622 -4.3515219637704 342.47860864 71422200.6072373
-0.271000000000001 -0.116662736870203 -0.119393341879546 -4.3551282624525 342.009459861041 71421832.1899756
-0.272 -0.120121534623612 -0.121439091632967 -4.35395017307165 341.540311082082 71421689.8556987
-0.273 -0.120394042699326 -0.118425665206916 -4.35754741093405 341.071162303123 71421784.9721529
-0.274 -0.121532366878089 -0.120232208507478 -4.36014836712638 340.602013524164 71421229.3742024
-0.275 -0.120080411226129 -0.120370735834648 -4.36667732113462 340.132864745205 71421173.8674312
-0.276 -0.122411277774187 -0.12144690964105 -4.36479856154242 339.663715966246 71421251.8927588
-0.277 -0.120734305447121 -0.123088009843871 -4.37125540431962 339.194567187287 71420986.1641028
-0.278 -0.121783448100316 -0.124110999450746 -4.37188398787512 338.725418408329 71420945.1770705
-0.279 -0.122618278910474 -0.120827952437747 -4.37487269105439 338.25626962937 71420897.1505492
-0.28 -0.121431676113681 -0.124040892915372 -4.37684625725126 337.787120850411 71420753.9630381
-0.281 -0.122975830791149 -0.124045520133169 -4.38006780373851 337.317972071452 71420350.4030655
-0.282 -0.123087018671243 -0.126157610248786 -4.38066061437128 336.848823292493 71420619.435568
-0.283 -0.125796623154599 -0.126087600380471 -4.37980222311454 336.379674513534 71421386.5199086
-0.284 -0.125175134668965 -0.125979668463452 -4.38318096469739 335.910525734575 71422012.4550905
-0.285 -0.12658356324504 -0.126185501265225 -4.38239967057083 335.441376955616 71422833.0399299
-0.286 -0.126291259499845 -0.1275834209375 -4.38403451606269 334.972228176657 71423134.1076249
-0.287 -0.129542073833479 -0.129602895802245 -4.37956059393231 334.503079397698 71424496.3048071
-0.288 -0.127670542116019 -0.127154790571026 -4.38184271578016 334.033930618739 71425343.5148403
-0.289 -0.128074755109012 -0.128063742267742 -4.38006638892766 333.564781839781 71426117.979727
-0.29 -0.128161749242104 -0.127524660229384 -4.38238898790125 333.095633060822 71426931.1654624
-0.291 -0.12802673437858 -0.127685936557778 -4.38388408774507 332.626484281863 71427148.4615537
-0.292 -0.129219484293156 -0.131025192471664 -4.38088250576444 332.157335502904 71428057.7078526
-0.293 -0.130036371727643 -0.13025707002159 -4.38066304222964 331.688186723945 71428974.5375555
-0.294 -0.129112015728089 -0.130839407189532 -4.38230923276522 331.219037944986 71429526.8180785
-0.295 -0.129900179211123 -0.13329422896315 -4.37980866606226 330.749889166027 71430554.6154131
-0.296 -0.131134366115557 -0.131290271773836 -4.37788824688973 330.280740387068 71431451.0762569
-0.297 -0.129499468410408 -0.133774182588079 -4.37561037177496 329.811591608109 71432536.3201119
-0.298 -0.130548428651536 -0.132862300017985 -4.37556955867447 329.34244282915 71433509.5890901
-0.299 -0.132563533006665 -0.132735332097826 -4.37321622843158 328.873294050191 71434435.2866123
-0.3 -0.131968035045221 -0.132501168922296 -4.37391694052886 328.404145271233 71434953.4293156
-0.301 -0.1356547267773 -0.134068398229613 -4.36836450110638 327.934996492274 71436617.4829802
-0.302 -0.134608257829756 -0.13364192013327 -4.3658289280098 327.465847713315 71437998.7494669
-0.303 -0.136100094585359 -0.133290613175434 -4.36547597078988 326.996698934356 71438994.6751587
-0.304 -0.134652005345365 -0.136359726373277 -4.36231300804412 326.527550155397 71439984.6928878
-0.305 -0.136781478677274 -0.136042965075932 -4.35824621514711 326.058401376438 71441652.4509916
-0.306 -0.135438603875919 -0.136869560178273 -4.35767297980244 325.589252597479 71442741.8588502
-0.307 -0.135272527675972 -0.136960149042455 -4.35630068034434 325.12010381852 71444130.2515885
-0.308 -0.134065280628765 -0.136570907065429 -4.35646212142212 324.650955039561 71444709.3398612
-0.309 -0.135648743776183 -0.138214514279764 -4.35548080006669 324.181806260602 71445468.0135804
-0.31 -0.13586760029183 -0.138384173755029 -4.35305857592502 323.712657481644 71446226.1416027
-0.311 -0.138427451732407 -0.138927721261581 -4.35164213324458 323.243508702685 71447131.9009618
-0.312 -0.139210307345648 -0.136528001046812 -4.35170107558897 322.774359923726 71448487.8910884
-0.313 -0.137796725775607 -0.139239566860521 -4.34999609563279 322.305211144767 71449531.2647569
-0.314 -0.135649949598862 -0.140548539251886 -4.35212587732911 321.836062365808 71450142.5424552
-0.315 -0.137464844637846 -0.141318601458622 -4.34821169526803 321.366913586849 71451053.9616133
-0.316 -0.138752965473516 -0.140988597674892 -4.34667202381832 320.89776480789 71451968.5625057
-0.317 -0.137336425764507 -0.140177531465744 -4.34815292927628 320.428616028931 71452819.5852545
-0.318 -0.138605609123713 -0.145312360454726 -4.34538583445171 319.959467249972 71453728.0311633
-0.319 -0.141474691383365 -0.142651490196244 -4.34129134310419 319.490318471013 71455315.1364016
-0.32 -0.143175419353204 -0.142696064627374 -4.34283805948174 319.021169692055 71456683.0610023
-0.321 -0.140844899651369 -0.142305640365106 -4.34334002677454 318.552020913096 71457398.2834831
-0.322 -0.13923592557437 -0.142147887333879 -4.34417043037764 318.082872134137 71457921.2709295
-0.323 -0.143100923166516 -0.143037162897828 -4.3385933017184 317.613723355178 71458676.9575166
-0.324 -0.142118290980824 -0.145483080082329 -4.3356139227861 317.144574576219 71460061.3238843
-0.325 -0.14015809509711 -0.146338772379065 -4.33557575707111 316.67542579726 71460779.5446772
-0.326 -0.142188685490824 -0.146887835453998 -4.33100033690184 316.206277018301 71461956.4449581
-0.327 -0.145608698936256 -0.144427936263916 -4.33113608111284 315.737128239342 71463100.2404612
-0.328 -0.144503549164312 -0.147138577373568 -4.32972702644637 315.267979460383 71464047.8130321
-0.329 -0.143806183909296 -0.146579121368446 -4.32993711369426 314.798830681424 71465100.4441322
-0.33 -0.148203659296331 -0.145314908908019 -4.32563621469719 314.329681902465 71466400.3674638
-0.331 -0.147235285924786 -0.147282958647834 -4.32415013289954 313.860533123507 71467502.9779129
-0.332 -0.14581382604967 -0.145762275360042 -4.32277266674995 313.391384344548 71468492.0786842
-0.333 -0.146138587222985 -0.15056039798122 -4.32043734506192 312.922235565589 71469498.5532369
-0.334 -0.14597846125551 -0.151354204105002 -4.31675490752643 312.45308678663 71470715.4712205
-0.335 -0.148308005203604 -0.150656497012895 -4.31688381437308 311.983938007671 71471861.2282659
-0.336 -0.148756872561416 -0.148808078180686 -4.31407943318307 311.514789228712 71473402.9297196
-0.337 -0.147172186977219 -0.150341222417928 -4.31256578240166 311.045640449753 71474135.906004
-0.338 -0.14925050626216 -0.151982708231614 -4.31121035187786 310.576491670794 71475169.5905092
-0.339 -0.149418568682576 -0.152202533055041 -4.31022646952042 310.107342891835 71476355.9872595
-0.34 -0.150662674355515 -0.151402745923055 -4.30825614523961 309.638194112876 71477127.237338
-0.341 -0.151318192277845 -0.151466492630579 -4.30376478304628 309.169045333918 71478623.61501
-0.342 -0.152454216349692 -0.154550943020968 -4.30310181747533 308.699896554959 71479923.0741642
-0.343 -0.154019019065815 -0.153242439204755 -4.29857435785087 308.230747776 71481752.3180572
-0.344 -0.151968103823189 -0.152685927499165 -4.30204622145376 307.761598997041 71482513.4432067
-0.345 -0.152225655293636 -0.155248359877045 -4.29786221256144 307.292450218082 71483663.283108
-0.346 -0.152548453177236 -0.15477355661717 -4.29448241908472 306.823301439123 71484777.335196
-0.347 -0.154318766384011 -0.155846342064105 -4.29511688742511 306.354152660164 71485733.8756059
-0.348 -0.155763443598969 -0.156823217278112 -4.29098595755363 305.885003881205 71487654.227008
-0.349 -0.155774717054959 -0.154128848437783 -4.29037445962538 305.415855102246 71488370.5929265
-0.35 -0.157171220090968 -0.154656280474807 -4.28865633557857 304.946706323287 71489841.9675982
-0.351 -0.157540586404752 -0.156528790550594 -4.28454681018876 304.477557544329 71491142.6224518
-0.352 -0.156283874420559 -0.156397752836435 -4.28684175302508 304.00840876537 71491832.4158036
-0.353 -0.157464404065169 -0.159674235476825 -4.28270472737976 303.539259986411 71492946.5399209
-0.354 -0.158484922088867 -0.156203248393604 -4.28361943766521 303.070111207452 71494124.4297264
-0.355 -0.160478448511381 -0.156434764726946 -4.28327371964817 302.600962428493 71495156.3420223
-0.356 -0.158856893054889 -0.157446409410241 -4.28489511354214 302.131813649534 71496156.48118
-0.357 -0.159742586952474 -0.161642532152753 -4.28082898239544 301.662664870575 71497611.4048126
-0.358 -0.16038456680343 -0.15914235827939 -4.28059688919991 301.193516091616 71498370.789426
-0.359 -0.158718625390763 -0.160439571038078 -4.28212616378942 300.724367312657 71498922.0188836
-0.36 -0.162651775000062 -0.159508915992149 -4.27935564947095 300.255218533698 71499975.1256584
-0.361 -0.163190995459525 -0.161419200728149 -4.2800133448904 299.78606975474 71500956.4464019
-0.362 -0.163112470932265 -0.163027099277248 -4.27689513408986 299.316920975781 71502446.5841269
-0.363 -0.161465630743279 -0.162365778274059 -4.27934668505179 298.847772196822 71503302.7278382
-0.364 -0.161840345272045 -0.164911485102824 -4.27574266349352 298.378623417863 71504299.0935851
-0.365 -0.163634705980927 -0.166737027820869 -4.27164642740095 297.909474638904 71505474.3338708
-0.366 -0.163141335845363 -0.163003831031733 -4.27268150549287 297.440325859945 71506771.3818607
-0.367 -0.164845233383089 -0.163508559002953 -4.27428074738655 296.971177080986 71507155.7768789
-0.368 -0.165945575318968 -0.16364510588579 -4.27460658195918 296.502028302027 71508245.1534554
-0.369 -0.165179708573682 -0.166205921472893 -4.27475767054062 296.032879523068 71509146.4092711
-0.37 -0.168165792157756 -0.164882751589483 -4.27475274758753 295.563730744109 71509956.6103045
-0.371 -0.166970832828581 -0.167733798574322 -4.26926363013162 295.09458196515 71510823.5156694
-0.372 -0.168940228399589 -0.167834902406372 -4.26978758673237 294.625433186192 71512413.005358
-0.373 -0.169335883562064 -0.166588942167368 -4.27156495225001 294.156284407233 71513179.2993878
-0.374 -0.170167267000197 -0.169380441821081 -4.26954361665936 293.687135628274 71514292.4193722
-0.375 -0.17260366597382 -0.167266982375522 -4.26892329427429 293.217986849315 71515717.2989169
-0.376 -0.169485020727478 -0.170051308661716 -4.27136960395674 292.748838070356 71516751.0048128
-0.377 -0.169337734431541 -0.172924529062963 -4.26890102996089 292.279689291397 71517672.5991051
-0.378 -0.17360536213017 -0.169182248178703 -4.26868288314241 291.810540512438 71518786.3645818
-0.379 -0.174308531983545 -0.16941481283168 -4.27208275591696 291.341391733479 71519589.8406692
-0.38 -0.174448581012485 -0.169208865270203 -4.273891459568 290.87224295452 71520803.2935206
-0.381 -0.174330409955587 -0.173687432823506 -4.26968421810669 290.403094175561 71522016.0186986
-0.382 -0.174948701321554 -0.17352502620114 -4.2684337583511 289.933945396603 71523546.3433202
-0.383 -0.177717324670346 -0.172061564729186 -4.26818186026397 289.464796617644 71524616.1293458
-0.384 -0.178277906323017 -0.172024222506081 -4.2682057604452 288.995647838685 71525818.8050775
-0.385 -0.173115192773662 -0.177101975317514 -4.2692636324852 288.526499059726 71526539.2498428
-0.386 -0.17797512801453 -0.174268149003797 -4.26351592701796 288.057350280767 71527582.5438214
-0.387 -0.179007285013123 -0.175870414080929 -4.26166168314983 287.588201501808 71529047.4742867
-0.388 -0.178746823236809 -0.174608857702167 -4.25955420409759 287.119052722849 71530170.8544662
-0.389 -0.18024501953765 -0.176126040580918 -4.26209885157765 286.64990394389 71531142.033092
-0.39 -0.181902972196316 -0.176148485819919 -4.25831180279995 286.180755164931 71532426.6130933
-0.391 -0.18188699842102 -0.177573817131151 -4.25996749640921 285.711606385972 71533556.7407183
-0.392 -0.178291419543893 -0.1780626816431 -4.25922428138215 285.242457607014 71534456.1907276
-0.393 -0.181801364307395 -0.178451186464995 -4.25701924109588 284.773308828055 71535303.2971302
-0.394 -0.18095749425485 -0.179228143081527 -4.25831604040202 284.304160049096 71536460.5957415
-0.395 -0.180453219613191 -0.182417524656284 -4.25898463577879 283.835011270137 71537435.3659509
-0.396 -0.179612819515725 -0.185047593477782 -4.25798999024499 283.365862491178 71538135.243245
-0.397 -0.18311685588276 -0.183265854223463 -4.25643070242762 282.896713712219 71539478.1924003
-0.398 -0.182327833854834 -0.183107117337651 -4.25797702860687 282.42756493326 71540401.1202587
-0.399 -0.185878877648695 -0.18247716098624 -4.25452623381959 281.958416154301 71541130.8839289
-0.4 -0.183643762098223 -0.184076794843119 -4.25351632630211 281.489267375342 71542487.3716971
