# strain(%) 1_3(1-100)_density(m^-2) 1_3(1-210)_density(m^-2) 1_3(1-213)_density(m^-2) other_density(m^-2) total_density(m^-2)
0.000000 0.000000e+00 0.000000e+00 0.000000e+00 0.000000e+00 0.000000e+00
2.500000 0.000000e+00 0.000000e+00 0.000000e+00 0.000000e+00 0.000000e+00
5.000000 0.000000e+00 0.000000e+00 0.000000e+00 0.000000e+00 0.000000e+00
7.500000 0.000000e+00 0.000000e+00 0.000000e+00 0.000000e+00 0.000000e+00
10.000000 0.000000e+00 0.000000e+00 0.000000e+00 0.000000e+00 0.000000e+00
12.500000 0.000000e+00 0.000000e+00 0.000000e+00 0.000000e+00 0.000000e+00
15.000000 0.000000e+00 0.000000e+00 0.000000e+00 0.000000e+00 0.000000e+00
15.050000 0.000000e+00 0.000000e+00 0.000000e+00 0.000000e+00 0.000000e+00
15.100000 0.000000e+00 0.000000e+00 0.000000e+00 0.000000e+00 0.000000e+00
15.150000 0.000000e+00 0.000000e+00 0.000000e+00 0.000000e+00 0.000000e+00
15.200000 0.000000e+00 0.000000e+00 0.000000e+00 0.000000e+00 0.000000e+00
15.250000 0.000000e+00 0.000000e+00 0.000000e+00 0.000000e+00 0.000000e+00
15.300000 0.000000e+00 0.000000e+00 0.000000e+00 0.000000e+00 0.000000e+00
15.350000 0.000000e+00 0.000000e+00 0.000000e+00 0.000000e+00 0.000000e+00
15.400000 0.000000e+00 0.000000e+00 0.000000e+00 0.000000e+00 0.000000e+00
15.450000 0.000000e+00 0.000000e+00 2.278652e+14 2.219054e+15 2.446919e+15
15.500000 0.000000e+00 0.000000e+00 0.000000e+00 2.163539e+15 2.163539e+15
15.550000 1.599976e+15 3.135288e+14 6.910832e+14 1.006366e+16 1.266825e+16
15.600000 7.502341e+15 1.874347e+15 7.661171e+14 1.603621e+16 2.617902e+16
15.650000 1.675146e+16 2.334375e+15 1.081272e+15 1.759904e+16 3.776615e+16
15.700000 2.128470e+16 4.736056e+15 6.099348e+14 2.513540e+16 5.176609e+16
15.750000 2.520765e+16 3.761843e+15 0.000000e+00 2.132442e+16 5.029391e+16
15.800000 3.032334e+16 4.657592e+15 0.000000e+00 3.188912e+16 6.687005e+16
15.850000 3.134115e+16 4.125602e+15 8.316579e+14 3.796534e+16 7.426375e+16
15.900000 3.397245e+16 3.940779e+15 4.115923e+14 4.023321e+16 7.855803e+16
15.950000 3.190586e+16 5.432812e+15 5.120166e+14 4.144747e+16 7.929816e+16
16.000000 3.214405e+16 6.473460e+15 4.716137e+14 5.343843e+16 9.252755e+16
16.050000 2.901990e+16 8.700901e+15 2.725411e+15 4.845489e+16 8.890110e+16
16.100000 3.999492e+16 8.432561e+15 1.499776e+15 5.372063e+16 1.036479e+17
16.150000 4.058850e+16 6.793610e+15 7.157844e+14 6.007582e+16 1.081737e+17
16.200000 4.489434e+16 8.003782e+15 0.000000e+00 6.090944e+16 1.138076e+17
16.250000 4.356972e+16 8.855474e+15 1.275474e+15 5.991908e+16 1.136197e+17
16.300000 4.084448e+16 8.721721e+15 0.000000e+00 7.556028e+16 1.251265e+17
16.350000 5.006122e+16 9.021879e+15 1.007831e+15 7.492400e+16 1.350149e+17
16.400000 5.437939e+16 8.775447e+15 6.854146e+14 8.316582e+16 1.470061e+17
16.450000 4.791086e+16 9.549951e+15 6.994620e+14 7.017968e+16 1.283400e+17
16.500000 5.092716e+16 7.872293e+15 0.000000e+00 8.294956e+16 1.417490e+17
16.550000 5.048448e+16 8.976929e+15 7.951841e+14 7.099337e+16 1.312500e+17
16.600000 4.709437e+16 9.621797e+15 2.627454e+14 7.796725e+16 1.349462e+17
16.650000 6.021509e+16 9.714576e+15 6.476274e+14 6.991698e+16 1.404943e+17
16.700000 5.772588e+16 1.016301e+16 1.244205e+15 6.856326e+16 1.376964e+17
16.750000 6.137270e+16 9.071145e+15 0.000000e+00 8.271419e+16 1.531580e+17
16.800000 5.315239e+16 8.641617e+15 0.000000e+00 7.176845e+16 1.335625e+17
16.850000 5.408887e+16 9.856851e+15 9.968751e+14 7.497675e+16 1.399193e+17
16.900000 5.522752e+16 1.127914e+16 2.131433e+14 7.142002e+16 1.381398e+17
16.950000 5.091405e+16 9.487562e+15 0.000000e+00 6.632712e+16 1.267287e+17
17.000000 4.975909e+16 9.104132e+15 0.000000e+00 7.912266e+16 1.379859e+17
17.050000 5.506395e+16 9.462832e+15 3.263000e+14 6.908100e+16 1.339341e+17
17.100000 6.462390e+16 9.194700e+15 9.893119e+14 6.719618e+16 1.420041e+17
17.150000 5.234538e+16 9.596885e+15 2.430376e+15 7.549580e+16 1.398684e+17
17.200000 5.151157e+16 6.932021e+15 3.428098e+15 7.239589e+16 1.342676e+17
17.250000 4.823113e+16 9.958326e+15 1.074872e+15 7.198186e+16 1.312462e+17
17.300000 4.843681e+16 9.376458e+15 3.512786e+15 7.164635e+16 1.329724e+17
17.350000 5.670416e+16 9.959585e+15 1.018017e+15 8.138280e+16 1.490646e+17
17.400000 5.186734e+16 9.615794e+15 2.621368e+15 7.501263e+16 1.391171e+17
17.450000 5.309148e+16 1.011334e+16 1.147092e+15 8.114128e+16 1.454932e+17
17.500000 4.344341e+16 1.046684e+16 2.238619e+15 7.291800e+16 1.290669e+17
17.550000 4.384964e+16 1.024054e+16 1.047116e+15 7.798301e+16 1.331203e+17
17.600000 5.106758e+16 1.431409e+16 1.787125e+15 7.394251e+16 1.411113e+17
17.650000 5.410991e+16 1.208114e+16 3.834954e+14 8.151165e+16 1.480862e+17
17.700000 5.790994e+16 1.048831e+16 2.072613e+15 7.558524e+16 1.460561e+17
17.750000 5.357560e+16 1.066085e+16 1.370443e+15 7.861863e+16 1.442255e+17
17.800000 7.036750e+16 1.381252e+16 2.079115e+15 8.460571e+16 1.708648e+17
17.850000 6.079410e+16 1.216623e+16 1.377187e+15 7.468162e+16 1.490191e+17
17.900000 7.240499e+16 1.088273e+16 1.961375e+15 8.746080e+16 1.727099e+17
17.950000 6.926432e+16 1.063443e+16 2.122911e+15 9.053096e+16 1.725526e+17
18.000000 5.920503e+16 9.334112e+15 1.865792e+15 7.870336e+16 1.491083e+17
18.050000 5.399731e+16 9.455699e+15 1.493024e+15 7.601938e+16 1.409654e+17
18.100000 5.512352e+16 9.590991e+15 4.916075e+14 7.489267e+16 1.400988e+17
18.150000 6.415192e+16 1.005462e+16 6.485942e+14 8.528911e+16 1.601442e+17
18.200000 6.439593e+16 9.570961e+15 1.752000e+15 8.678769e+16 1.625066e+17
18.250000 5.190761e+16 7.636489e+15 0.000000e+00 9.066521e+16 1.502093e+17
18.300000 6.138940e+16 9.621542e+15 1.833151e+15 9.245558e+16 1.652997e+17
18.350000 5.251627e+16 1.363396e+16 1.940021e+15 8.549694e+16 1.535872e+17
18.400000 5.822415e+16 1.206418e+16 2.367978e+15 7.339381e+16 1.460501e+17
18.450000 5.970862e+16 9.499847e+15 2.637196e+14 8.672156e+16 1.561937e+17
18.500000 5.821073e+16 1.340997e+16 7.335222e+14 9.124997e+16 1.636042e+17
18.550000 5.726686e+16 1.090627e+16 0.000000e+00 7.583871e+16 1.440118e+17
18.600000 5.231020e+16 1.388053e+16 5.996047e+14 8.597553e+16 1.527659e+17
18.650000 5.985557e+16 1.610270e+16 1.344374e+15 8.757069e+16 1.648733e+17
18.700000 5.976153e+16 1.236120e+16 1.834451e+15 9.481619e+16 1.687734e+17
18.750000 5.643839e+16 1.394087e+16 8.983430e+14 9.484115e+16 1.661188e+17
18.800000 6.035501e+16 1.417631e+16 1.601506e+15 9.521546e+16 1.713483e+17
18.850000 6.377771e+16 1.360524e+16 4.820997e+14 1.094071e+17 1.872721e+17
18.900000 5.860227e+16 1.432651e+16 4.195312e+14 8.255220e+16 1.559005e+17
18.950000 5.253580e+16 1.535515e+16 1.680147e+15 9.536127e+16 1.649324e+17
19.000000 6.254101e+16 1.493242e+16 1.175625e+15 9.338405e+16 1.720331e+17
19.050000 5.087093e+16 1.403442e+16 9.371429e+14 8.628250e+16 1.521250e+17
19.100000 5.401398e+16 1.523874e+16 1.464075e+15 9.250982e+16 1.632266e+17
19.150000 5.269769e+16 1.525786e+16 1.606903e+15 8.214656e+16 1.517090e+17
19.200000 4.746779e+16 1.490105e+16 1.122783e+15 9.470588e+16 1.581975e+17
19.250000 5.153427e+16 1.559890e+16 3.439309e+14 8.537525e+16 1.528524e+17
19.300000 5.714022e+16 1.373103e+16 0.000000e+00 8.360369e+16 1.544749e+17
19.350000 5.142975e+16 1.422640e+16 0.000000e+00 8.341533e+16 1.490715e+17
19.400000 5.858950e+16 1.333539e+16 3.267576e+14 8.569212e+16 1.579438e+17
19.450000 5.404338e+16 1.370110e+16 2.887134e+14 8.380333e+16 1.518365e+17
19.500000 6.097240e+16 1.359669e+16 0.000000e+00 8.507861e+16 1.596477e+17
19.550000 5.501330e+16 1.246105e+16 3.412982e+14 6.738243e+16 1.351981e+17
19.600000 6.237082e+16 1.177782e+16 0.000000e+00 7.432175e+16 1.484704e+17
19.650000 5.263403e+16 1.290651e+16 0.000000e+00 7.636996e+16 1.419105e+17
19.700000 6.025053e+16 1.083567e+16 0.000000e+00 7.352310e+16 1.446093e+17
19.750000 5.801252e+16 1.079138e+16 0.000000e+00 8.399058e+16 1.527945e+17
19.800000 5.696459e+16 1.272404e+16 0.000000e+00 8.443168e+16 1.541203e+17
19.850000 5.085671e+16 1.124442e+16 0.000000e+00 8.312791e+16 1.452290e+17
19.900000 5.423691e+16 1.244945e+16 0.000000e+00 8.561617e+16 1.523025e+17
19.950000 6.093263e+16 1.259932e+16 0.000000e+00 8.129288e+16 1.548248e+17
20.000000 5.632575e+16 1.167723e+16 0.000000e+00 8.948778e+16 1.574908e+17
22.500000 7.286130e+16 2.527038e+16 3.325380e+15 6.786617e+16 1.693232e+17
25.000000 7.295345e+16 3.094219e+16 0.000000e+00 1.007461e+17 2.046417e+17
27.500000 7.049940e+16 2.526911e+16 5.021623e+14 1.025568e+17 1.988275e+17
30.000000 6.895571e+16 1.556200e+16 1.026885e+15 9.113872e+16 1.766833e+17
32.500000 6.540514e+16 2.191944e+16 1.006261e+15 7.298038e+16 1.613112e+17
35.000000 6.488944e+16 1.483120e+16 0.000000e+00 6.421604e+16 1.439367e+17
37.500000 7.253935e+16 3.260483e+16 0.000000e+00 8.287427e+16 1.880184e+17
40.000000 7.454155e+16 1.696183e+16 0.000000e+00 9.527561e+16 1.867790e+17
