# strain(%) 1_3(1-100)_density(m^-2) 1_3(1-210)_density(m^-2) 1_3(1-213)_density(m^-2) other_density(m^-2) total_density(m^-2)
0.000000 0.000000e+00 0.000000e+00 0.000000e+00 0.000000e+00 0.000000e+00
5.000000 0.000000e+00 0.000000e+00 0.000000e+00 0.000000e+00 0.000000e+00
10.000000 0.000000e+00 0.000000e+00 0.000000e+00 0.000000e+00 0.000000e+00
15.000000 0.000000e+00 0.000000e+00 0.000000e+00 0.000000e+00 0.000000e+00
15.050000 0.000000e+00 0.000000e+00 0.000000e+00 0.000000e+00 0.000000e+00
15.100000 0.000000e+00 0.000000e+00 0.000000e+00 0.000000e+00 0.000000e+00
15.150000 0.000000e+00 0.000000e+00 0.000000e+00 0.000000e+00 0.000000e+00
15.200000 0.000000e+00 0.000000e+00 0.000000e+00 0.000000e+00 0.000000e+00
15.250000 0.000000e+00 0.000000e+00 0.000000e+00 0.000000e+00 0.000000e+00
15.300000 0.000000e+00 0.000000e+00 0.000000e+00 0.000000e+00 0.000000e+00
15.350000 0.000000e+00 0.000000e+00 0.000000e+00 0.000000e+00 0.000000e+00
15.400000 0.000000e+00 0.000000e+00 0.000000e+00 0.000000e+00 0.000000e+00
15.450000 0.000000e+00 0.000000e+00 0.000000e+00 0.000000e+00 0.000000e+00
15.500000 0.000000e+00 0.000000e+00 0.000000e+00 4.538512e+13 4.538512e+13
15.550000 0.000000e+00 0.000000e+00 0.000000e+00 1.674727e+14 1.674727e+14
15.600000 0.000000e+00 0.000000e+00 0.000000e+00 1.609219e+14 1.609219e+14
15.650000 3.885328e+13 0.000000e+00 2.000408e+13 6.610460e+14 7.199034e+14
15.700000 5.722050e+13 0.000000e+00 0.000000e+00 7.535994e+14 8.108199e+14
15.750000 1.658951e+14 1.241589e+13 1.510452e+14 2.195382e+15 2.524738e+15
15.800000 2.905833e+14 5.814639e+13 2.453632e+14 5.231026e+15 5.825119e+15
15.850000 4.546087e+14 1.950614e+13 5.578250e+14 6.485617e+15 7.517557e+15
15.900000 1.829090e+15 8.741143e+13 9.082675e+14 1.122768e+16 1.405245e+16
15.950000 4.011865e+15 3.759746e+14 1.316980e+15 1.555798e+16 2.126280e+16
16.000000 6.545562e+15 7.668406e+14 1.786066e+15 2.125921e+16 3.035768e+16
16.050000 9.998591e+15 9.256000e+14 1.518128e+15 2.529243e+16 3.773475e+16
16.100000 1.273752e+16 1.077814e+15 1.261456e+15 2.845729e+16 4.353408e+16
16.150000 1.403911e+16 1.514475e+15 1.398767e+15 3.073097e+16 4.768332e+16
16.200000 1.544251e+16 1.412577e+15 1.389117e+15 3.283363e+16 5.107783e+16
16.250000 1.822416e+16 1.591118e+15 1.613957e+15 3.562271e+16 5.705194e+16
16.300000 1.857289e+16 1.892418e+15 1.588746e+15 3.789687e+16 5.995092e+16
16.350000 1.973392e+16 2.329511e+15 1.844711e+15 3.879801e+16 6.270615e+16
16.400000 2.169854e+16 2.481286e+15 1.603633e+15 3.957271e+16 6.535616e+16
16.450000 2.176665e+16 2.674875e+15 1.605247e+15 4.018591e+16 6.623268e+16
16.500000 2.250715e+16 3.140065e+15 1.466960e+15 4.250490e+16 6.961907e+16
16.550000 2.476361e+16 3.145256e+15 1.655745e+15 4.334817e+16 7.291278e+16
16.600000 2.524069e+16 3.328263e+15 1.626200e+15 4.323441e+16 7.342956e+16
16.650000 2.492507e+16 3.654020e+15 1.538317e+15 4.660454e+16 7.672195e+16
16.700000 2.514173e+16 3.912546e+15 1.498016e+15 4.671382e+16 7.726611e+16
16.750000 2.670965e+16 4.263670e+15 1.480006e+15 4.825637e+16 8.070969e+16
16.800000 2.850126e+16 4.386639e+15 1.485978e+15 4.910549e+16 8.347937e+16
16.850000 2.864304e+16 4.561262e+15 1.714861e+15 4.913036e+16 8.404953e+16
16.900000 2.886268e+16 4.708446e+15 1.507888e+15 5.056516e+16 8.564417e+16
16.950000 3.013990e+16 4.762925e+15 1.595010e+15 5.173242e+16 8.823025e+16
17.000000 2.969166e+16 4.827521e+15 1.560940e+15 5.299113e+16 8.907125e+16
17.050000 2.977270e+16 5.478769e+15 1.477606e+15 5.354723e+16 9.027631e+16
17.100000 3.161691e+16 5.237243e+15 1.563193e+15 5.484844e+16 9.326579e+16
17.150000 3.158264e+16 5.629209e+15 1.391139e+15 5.224847e+16 9.085146e+16
17.200000 3.179706e+16 5.800424e+15 1.612686e+15 5.593078e+16 9.514095e+16
17.250000 3.302434e+16 5.939938e+15 1.713850e+15 5.427711e+16 9.495524e+16
17.300000 3.312974e+16 6.071027e+15 1.712718e+15 5.660224e+16 9.751572e+16
17.350000 3.474202e+16 6.141255e+15 1.665220e+15 5.632926e+16 9.887775e+16
17.400000 3.418462e+16 6.297531e+15 1.770946e+15 5.694601e+16 9.919911e+16
17.450000 3.538132e+16 6.736117e+15 1.791429e+15 5.855092e+16 1.024598e+17
17.500000 3.505769e+16 6.851142e+15 1.734846e+15 5.822680e+16 1.018705e+17
17.550000 3.471818e+16 6.896901e+15 1.620098e+15 5.857057e+16 1.018057e+17
17.600000 3.655485e+16 6.727001e+15 1.563737e+15 5.866831e+16 1.035139e+17
17.650000 3.722806e+16 7.164571e+15 1.727388e+15 6.099569e+16 1.071157e+17
17.700000 3.792900e+16 7.480659e+15 1.602564e+15 5.955190e+16 1.065641e+17
17.750000 3.736726e+16 7.568002e+15 1.743072e+15 6.010724e+16 1.067856e+17
17.800000 3.889979e+16 7.597384e+15 1.581298e+15 5.966227e+16 1.077407e+17
17.850000 3.872164e+16 8.019942e+15 1.741073e+15 6.250523e+16 1.109879e+17
17.900000 3.795027e+16 8.128102e+15 1.641305e+15 6.236495e+16 1.100846e+17
17.950000 3.849692e+16 8.154443e+15 1.568356e+15 6.352734e+16 1.117471e+17
18.000000 3.883868e+16 8.634576e+15 1.485079e+15 6.341569e+16 1.123740e+17
18.050000 3.964762e+16 8.415634e+15 1.547908e+15 6.443037e+16 1.140415e+17
18.100000 3.925713e+16 8.616826e+15 1.789199e+15 6.442418e+16 1.140873e+17
18.150000 3.940644e+16 8.208720e+15 1.545304e+15 6.531360e+16 1.144741e+17
18.200000 3.986621e+16 8.840418e+15 1.530907e+15 6.545142e+16 1.156890e+17
18.250000 3.976689e+16 8.990645e+15 1.792748e+15 6.558830e+16 1.161386e+17
18.300000 4.040621e+16 8.993583e+15 1.722302e+15 6.714854e+16 1.182706e+17
18.350000 4.096146e+16 9.356851e+15 1.592704e+15 6.625846e+16 1.181695e+17
18.400000 4.110013e+16 9.010339e+15 1.701621e+15 6.519290e+16 1.170050e+17
18.450000 4.190996e+16 9.412308e+15 1.717443e+15 6.587883e+16 1.189185e+17
18.500000 4.194066e+16 9.601664e+15 1.783900e+15 6.611099e+16 1.194372e+17
18.550000 4.199448e+16 9.690791e+15 1.713452e+15 6.675745e+16 1.201562e+17
18.600000 4.263754e+16 9.878716e+15 1.605487e+15 6.622721e+16 1.203490e+17
18.650000 4.388484e+16 9.889420e+15 1.600094e+15 6.773721e+16 1.231116e+17
18.700000 4.283615e+16 1.012301e+16 1.588692e+15 6.721519e+16 1.217630e+17
18.750000 4.279414e+16 1.018530e+16 1.557264e+15 6.899320e+16 1.235299e+17
18.800000 4.330561e+16 1.029962e+16 1.799326e+15 6.690593e+16 1.223105e+17
18.850000 4.264585e+16 1.074159e+16 1.649895e+15 6.883784e+16 1.238752e+17
18.900000 4.381597e+16 1.112249e+16 1.621149e+15 7.083244e+16 1.273921e+17
18.950000 4.484003e+16 1.114609e+16 1.596589e+15 7.080649e+16 1.283892e+17
19.000000 4.376763e+16 1.079252e+16 1.654248e+15 6.977312e+16 1.259875e+17
19.050000 4.327084e+16 1.118756e+16 1.962130e+15 6.923250e+16 1.256530e+17
19.100000 4.412131e+16 1.119878e+16 1.632893e+15 7.081766e+16 1.277706e+17
19.150000 4.500153e+16 1.110592e+16 1.690116e+15 6.991516e+16 1.277127e+17
19.200000 4.641310e+16 1.100452e+16 1.825004e+15 7.128600e+16 1.305286e+17
19.250000 4.692144e+16 1.134212e+16 1.553222e+15 7.047322e+16 1.302900e+17
19.300000 4.672368e+16 1.162639e+16 1.640747e+15 7.173355e+16 1.317244e+17
19.350000 4.536078e+16 1.155630e+16 1.625302e+15 7.318774e+16 1.317301e+17
19.400000 4.660832e+16 1.181906e+16 1.561214e+15 7.331794e+16 1.333065e+17
19.450000 4.718742e+16 1.173331e+16 1.638693e+15 7.400916e+16 1.345686e+17
19.500000 4.704988e+16 1.184816e+16 1.740255e+15 7.329777e+16 1.339361e+17
19.550000 4.719304e+16 1.231785e+16 1.597788e+15 7.528559e+16 1.363943e+17
19.600000 4.869872e+16 1.195434e+16 1.616397e+15 7.587777e+16 1.381472e+17
19.650000 4.820342e+16 1.216200e+16 1.589382e+15 7.577447e+16 1.377293e+17
19.700000 4.701191e+16 1.194761e+16 1.662964e+15 7.560496e+16 1.362274e+17
19.750000 4.782913e+16 1.212947e+16 1.682952e+15 7.435116e+16 1.359927e+17
19.800000 4.807736e+16 1.259111e+16 1.713091e+15 7.531244e+16 1.376940e+17
19.850000 4.821517e+16 1.251658e+16 1.663754e+15 7.694713e+16 1.393426e+17
19.900000 4.958679e+16 1.266078e+16 1.790993e+15 7.596282e+16 1.400014e+17
19.950000 4.787039e+16 1.285702e+16 1.860374e+15 7.491001e+16 1.374978e+17
20.000000 4.889055e+16 1.320939e+16 1.877837e+15 7.728557e+16 1.412633e+17
25.000000 6.091145e+16 2.229744e+16 1.709742e+15 8.812106e+16 1.730397e+17
30.000000 7.016081e+16 2.226664e+16 1.690992e+15 9.486676e+16 1.889852e+17
35.000000 6.797527e+16 2.387209e+16 1.724539e+15 1.014090e+17 1.949809e+17
40.000000 7.322292e+16 2.223714e+16 1.281351e+15 1.031343e+17 1.998757e+17